ID,best_fit,coverage (%query),coverage (%reference),rmsd,identity (%),Rx,Ry,Rz,T
1m2z_A,GR_A,100.0,100.0,0.0,100,"[1.0, -0.0, -0.0]","[0.0, 1.0, -0.0]","[0.0, -0.0, 1.0]","[-0.0, -0.0, 0.0]"
1m2z_D,GR_A,99.60474308300395,98.82352941176471,0.519,99,"[0.40766, 0.9131, 0.0081]","[0.91295, -0.40774, 0.01623]","[0.01812, 0.00078, -0.99984]","[-0.30993, 0.16609, -0.59559]"
AR5jjmDimerpero4ASU_A,AR_A,99.20634920634922,100.0,0.839,100,"[0.1002, 0.92128, -0.37577]","[-0.58607, 0.35985, 0.72597]","[0.80404, 0.14748, 0.57599]","[-37.68014, -41.5119, 1.83832]"
AR5jjmDimerpero4ASU_B,AR_A,99.20318725099602,99.6,0.823,99,"[0.92089, 0.09722, 0.3775]","[0.35985, -0.58436, -0.72735]","[0.14988, 0.80565, -0.57312]","[-88.28935, 9.06494, 37.40874]"
AR5jjmDimerpero4ASU_C,AR_A,98.4,98.4,0.728,99,"[0.92138, -0.0943, -0.37706]","[0.35763, 0.5856, 0.72744]","[0.15221, -0.80509, 0.57329]","[-88.28468, -6.85834, 41.19384]"
AR5jjmDimerpero4ASU_D,AR_A,98.39357429718876,98.0,0.684,99,"[0.09129, -0.92121, 0.3782]","[-0.58645, -0.35668, -0.72723]","[0.80482, -0.1554, -0.57281]","[-37.50063, 43.96708, 76.7272]"
4p6x_A,GR_A,98.80952380952381,97.6470588235294,0.756,96,"[-0.06531, 0.99054, 0.12067]","[0.98981, 0.04897, 0.13371]","[0.12654, 0.12817, -0.98365]","[-2.34141, 0.04328, 1.12045]"
4e2j_A,GR_A,99.59349593495935,96.07843137254902,0.878,79,"[-0.14428, -0.87414, 0.46375]","[0.65186, 0.26863, 0.70916]","[-0.74449, 0.40462, 0.53106]","[-22.39306, 45.44737, -10.67557]"
GR17yxcEvaNAR2022_A,GR_A,100.0,96.07843137254902,0.707,78,"[0.73458, 0.58021, 0.35178]","[-0.66355, 0.50601, 0.55105]","[0.14172, -0.63821, 0.7567]","[-12.77538, -20.58819, -11.02468]"
6nwk_A,GR_A,100.0,97.6470588235294,0.912,79,"[0.37358, -0.80305, -0.46427]","[-0.24823, -0.5688, 0.78412]","[-0.89377, -0.17769, -0.41184]","[69.22082, 156.43695, 24.34345]"
GR57yxpEvaNAR2022_A,GR_A,99.5850622406639,94.11764705882352,0.824,78,"[0.37857, 0.55965, -0.73721]","[-0.74464, -0.2889, -0.6017]","[-0.54973, 0.77674, 0.30737]","[4.1768, -42.75296, 7.25816]"
3cld_A,GR_A,100.0,95.29411764705881,0.689,98,"[0.99574, 0.0333, -0.086]","[-0.03951, 0.99666, -0.07147]","[0.08334, 0.07456, 0.99373]","[0.43752, -1.52723, -6.47507]"
3cld_B,GR_A,100.0,94.50980392156862,0.655,99,"[0.99241, 0.0709, 0.10049]","[0.0626, -0.99454, 0.08346]","[0.10586, -0.07653, -0.99143]","[0.25071, 1.82779, -31.10159]"
GR27yxdEvaNAR2022_A,GR_A,100.0,94.50980392156862,0.738,78,"[0.8899, -0.18717, -0.416]","[-0.44464, -0.55957, -0.69941]","[-0.10187, 0.80737, -0.58118]","[-34.84601, -23.07774, 27.45205]"
GR27yxdEvaNAR2022_D,GR_A,100.0,94.11764705882352,0.707,78,"[0.32952, 0.84445, 0.42227]","[-0.68632, -0.09289, 0.72134]","[0.64836, -0.52752, 0.54896]","[-40.8108, -19.51792, -33.24561]"
GR27yxdEvaNAR2022_H,GR_A,100.0,94.50980392156862,0.78,78,"[0.26816, -0.86198, -0.4302]","[-0.71825, 0.11871, -0.68558]","[0.64203, 0.49284, -0.58729]","[-36.85174, 80.79121, 5.40583]"
GR27yxdEvaNAR2022_L,GR_A,100.0,94.50980392156862,0.765,78,"[0.8842, 0.14526, 0.44395]","[-0.4406, 0.57499, 0.68939]","[-0.15512, -0.80516, 0.57241]","[-36.4251, 87.18317, -56.63196]"
3ry9_A,GR_A,98.35390946502058,93.72549019607843,1.051,72,"[0.90212, 0.23068, -0.36463]","[0.43103, -0.52023, 0.73728]","[-0.01961, -0.82228, -0.56874]","[-46.43193, 38.89176, 44.61067]"
1nhz_A,GR_A,90.7949790794979,85.09803921568627,0.764,98,"[0.70387, 0.63143, -0.32536]","[-0.00226, 0.46003, 0.8879]","[0.71032, -0.62423, 0.32523]","[-32.66379, -1.92445, 3.68162]"
AR1t77Monomero1ASU_A,PHBEACH_A,100.0,100.0,0.0,100,"[1.0, -0.0, 0.0]","[-0.0, 1.0, 0.0]","[-0.0, 0.0, 1.0]","[0.0, 0.0, -0.0]"
AR1t77Monomero1ASU_B,PHBEACH_A,98.79227053140096,98.79227053140096,0.514,100,"[0.99646, 0.08182, 0.01951]","[-0.08012, 0.99387, -0.07613]","[-0.02562, 0.07429, 0.99691]","[-2.13085, -55.16312, 35.60839]"
AR1t77Monomero1ASU_C,PHBEACH_A,100.0,100.0,0.135,100,"[-0.99996, -0.00132, -0.00909]","[0.00127, -0.99998, 0.00543]","[-0.0091, 0.00542, 0.99994]","[35.69095, 106.26986, 65.73272]"
AR1t77Monomero1ASU_D,PHBEACH_A,98.79227053140096,98.79227053140096,0.519,100,"[-0.99699, -0.07702, 0.00908]","[0.07619, -0.99459, -0.07068]","[0.01448, -0.06977, 0.99746]","[38.62547, 59.19306, -30.49645]"
3gn8_A,GR_A,99.59839357429718,97.25490196078431,0.774,79,"[0.69569, -0.55457, 0.45659]","[0.09679, 0.70218, 0.70539]","[-0.71179, -0.44654, 0.54217]","[-50.93111, 2.64856, -33.32766]"
5uc1_A,GR_A,94.14634146341463,75.68627450980392,1.169,94,"[0.48242, 0.45505, -0.74847]","[-0.78451, 0.60454, -0.1381]","[0.38964, 0.6538, 0.64863]","[-39.84978, -20.50529, 40.99255]"
5uc1_B,GR_A,94.6341463414634,76.07843137254902,1.197,94,"[-0.48206, 0.45202, 0.75053]","[0.78401, 0.60493, 0.13924]","[-0.39108, 0.65554, -0.646]","[-8.52766, -20.40211, 22.20461]"
GR37yxnEvaNAR2022_option2_A,GR_A,99.1769547325103,94.50980392156862,0.741,78,"[0.88971, 0.14685, 0.43226]","[-0.43462, 0.56221, 0.70358]","[-0.1397, -0.81385, 0.56403]","[-36.77301, -37.81504, -8.19458]"
GR37yxnEvaNAR2022_option2_C,GR_A,99.18032786885246,94.90196078431372,0.756,78,"[0.26774, -0.86638, -0.42154]","[-0.72059, 0.11037, -0.68452]","[0.63958, 0.48703, -0.59475]","[-37.11612, -44.68549, 53.66475]"
4lsj_A,GR_A,86.47540983606558,82.74509803921568,0.913,97,"[-0.36227, 0.72985, 0.57973]","[-0.05615, 0.60376, -0.79519]","[-0.93038, -0.32062, -0.17774]","[14.79381, -11.55991, -26.57928]"
GR47yxoEvaNAR2022_A,GR_A,100.0,92.94117647058823,0.781,78,"[0.3745, 0.56795, -0.73292]","[-0.74043, -0.29263, -0.6051]","[-0.55814, 0.76928, 0.31094]","[94.54231, 1.51725, 71.57994]"
GR47yxoEvaNAR2022_C,GR_A,100.0,92.94117647058823,0.766,78,"[0.53836, -0.7646, 0.35434]","[-0.29267, -0.56394, -0.77222]","[0.79026, 0.31203, -0.52738]","[47.92157, 51.92691, 69.17573]"
GR47yxoEvaNAR2022_E,GR_A,100.0,90.19607843137256,0.89,78,"[0.34387, 0.74778, 0.56795]","[-0.73283, 0.59189, -0.3356]","[-0.58712, -0.30081, 0.75154]","[50.24469, -8.47529, 64.85276]"
GR37yxnEvaNAR2022_A,GR_A,99.1769547325103,94.50980392156862,0.741,78,"[0.88971, 0.14685, 0.43226]","[-0.43462, 0.56221, 0.70358]","[-0.1397, -0.81385, 0.56403]","[-36.77301, -37.81504, -8.19458]"
GR37yxnEvaNAR2022_C,GR_A,99.18032786885246,94.90196078431372,0.756,78,"[-0.88418, 0.20132, -0.42154]","[0.45588, 0.56886, -0.68452]","[0.10199, -0.79741, -0.59475]","[34.59878, -40.3254, 7.73775]"
GR0nonuestro1m2z_A,GR_A,100.0,100.0,0.0,100,"[1.0, -0.0, -0.0]","[0.0, 1.0, -0.0]","[0.0, -0.0, 1.0]","[-0.0, -0.0, 0.0]"
GR0nonuestro1m2z_D,GR_A,99.60474308300395,98.82352941176471,0.519,99,"[0.40766, 0.9131, 0.0081]","[0.91295, -0.40774, 0.01623]","[0.01812, 0.00078, -0.99984]","[-0.30993, 0.16609, -0.59559]"
3bqd_A,GR_A,99.60474308300395,98.82352941176471,0.909,99,"[-0.06282, -0.10115, -0.99289]","[0.79921, 0.59076, -0.11075]","[0.59776, -0.80048, 0.04373]","[28.76868, 38.36915, 40.08576]"
3e7c_A,GR_A,99.19354838709677,96.47058823529412,0.676,99,"[-0.99331, 0.07, -0.09179]","[-0.06326, -0.99523, -0.07432]","[-0.09656, -0.06802, 0.993]","[126.92662, 1.87391, 12.11754]"
3e7c_B,GR_A,99.18367346938776,95.29411764705881,0.658,98,"[-0.99609, 0.0312, 0.08266]","[0.03707, 0.99683, 0.07046]","[-0.0802, 0.07325, -0.99408]","[126.76396, -1.58476, -11.91846]"
3k23_A,GR_A,97.95918367346938,94.11764705882352,0.874,96,"[-0.6901, -0.54362, 0.47774]","[-0.71325, 0.39903, -0.57623]","[0.12262, -0.73841, -0.66311]","[85.59558, 27.056, -7.38084]"
GR67yxrEvaNAR2022_A,GR_A,99.18032786885246,94.90196078431372,0.777,78,"[0.34234, 0.83251, 0.43558]","[-0.69225, -0.08997, 0.71602]","[0.63528, -0.54666, 0.54551]","[12.46808, -49.89939, -8.30933]"
GR67yxrEvaNAR2022_C,GR_A,99.59183673469387,95.68627450980392,0.818,78,"[-0.59427, -0.68085, -0.42812]","[-0.24843, 0.66167, -0.70744]","[0.76493, -0.31405, -0.56236]","[50.61361, 11.0684, 7.73149]"
6nwl_A,GR_A,100.0,97.6470588235294,0.981,79,"[-0.37748, 0.80545, -0.4569]","[0.27338, 0.56834, 0.77605]","[0.88474, 0.16804, -0.43473]","[2.19013, -59.93875, 24.42268]"
3k22_A,GR_A,99.2,97.25490196078431,0.801,98,"[-0.43976, 0.89398, -0.08607]","[-0.88706, -0.44734, -0.11411]","[-0.14051, 0.02617, 0.98973]","[1.32022, 1.26598, 11.97811]"
1p93_A,GR_A,98.78542510121457,95.68627450980392,0.743,99,"[-0.4027, -0.91473, 0.03324]","[-0.91517, 0.40304, 0.00396]","[-0.01702, -0.02883, -0.99944]","[64.07228, 37.3591, 9.56032]"
5uc3_A,GR_A,98.27586206896551,89.41176470588236,0.992,96,"[0.77785, 0.0377, 0.62731]","[-0.62844, 0.05028, 0.77623]","[-0.00227, -0.99802, 0.06281]","[89.57489, 19.89282, 44.58106]"
5uc3_B,GR_A,97.40259740259741,88.23529411764706,0.875,96,"[0.40353, -0.02551, 0.91461]","[0.9133, -0.04916, -0.40432]","[0.05528, 0.99847, 0.00346]","[104.7852, 37.73449, 32.99915]"
5ufs_A,GR_A,99.59677419354838,96.86274509803921,0.824,77,"[0.74082, -0.57613, -0.34533]","[-0.65515, -0.50635, -0.5607]","[0.14818, 0.64162, -0.75257]","[2.49662, 54.37508, 41.69485]"
