ID,best_fit,coverage (%query),coverage (%reference),rmsd,identity (%),Rx,Ry,Rz,T
1a52_A,ER,92.05020920502092,91.28630705394191,0.682,96,"[0.4463, -0.61855, -0.64669]","[-0.60297, 0.32612, -0.72806]","[0.66124, 0.71487, -0.22742]","[125.28407, 39.72921, 114.61141]"
1a52_B,ER,91.66666666666666,91.28630705394191,0.656,96,"[-0.28306, -0.77138, 0.56995]","[0.48607, 0.39691, 0.77859]","[-0.82681, 0.49742, 0.2626]","[65.73441, 34.76405, 55.96487]"
1e3g_A,AR,100.0,100.0,0.0,100,"[0.61658, -0.18797, 0.76453]","[0.77281, -0.0409, -0.63331]","[0.15031, 0.98132, 0.12005]","[-25.95394, 24.97676, -16.49929]"
1ere_A,ER,91.91489361702128,89.62655601659752,0.737,96,"[0.125, -0.67304, 0.72897]","[0.91057, 0.36959, 0.1851]","[-0.394, 0.64064, 0.65905]","[-17.9392, 69.58281, 131.84249]"
1ere_B,ER,91.91489361702128,89.62655601659752,0.738,96,"[-0.12049, -0.70523, -0.69866]","[-0.9138, 0.35379, -0.19952]","[0.38789, 0.6144, -0.68706]","[65.61064, 69.97659, 136.06831]"
1ere_C,ER,91.91489361702128,89.62655601659752,0.735,96,"[0.79251, 0.18024, -0.58262]","[0.23874, -0.97078, 0.02442]","[-0.56119, -0.15845, -0.81238]","[-11.06853, 65.10012, 77.53877]"
1ere_D,ER,91.91489361702128,89.62655601659752,0.739,96,"[0.33081, 0.5964, 0.73135]","[-0.82251, 0.56215, -0.08637]","[-0.46264, -0.57297, 0.67651]","[34.24998, -2.74815, 95.12886]"
1ere_E,ER,91.91489361702128,89.62655601659752,0.738,96,"[-0.82265, 0.07628, 0.56341]","[-0.08259, -0.99648, 0.01431]","[0.56252, -0.03476, 0.82605]","[76.50092, 72.26029, 55.34654]"
1ere_F,ER,91.91489361702128,89.62655601659752,0.738,96,"[-0.41872, 0.5162, -0.74713]","[0.71566, 0.69403, 0.07844]","[0.55903, -0.50185, -0.66003]","[43.08618, -2.58781, 39.41777]"
1err_A,ER,98.66666666666667,92.11618257261411,0.692,97,"[-0.00758, -0.99997, 0.00288]","[-0.99997, 0.00759, 0.00304]","[-0.00306, -0.00285, -0.99999]","[83.73311, 52.39748, 45.98299]"
1err_B,ER,96.8609865470852,89.62655601659752,0.652,97,"[0.51436, 0.0265, 0.85716]","[0.73516, 0.50102, -0.45664]","[-0.44156, 0.86503, 0.23823]","[7.10061, 39.62114, 76.49372]"
1fm6_A,ER,84.05172413793103,80.91286307053942,1.736,29,"[0.66047, -0.46873, 0.58657]","[-0.22302, -0.86842, -0.44284]","[0.71696, 0.16167, -0.6781]","[29.98128, 41.09959, -5.1917]"
1fm6_U,ER,84.48275862068965,81.32780082987551,1.753,29,"[-0.77267, 0.50389, 0.38611]","[0.37703, 0.85359, -0.35949]","[-0.51072, -0.13219, -0.84952]","[-12.94915, 8.54892, 16.85797]"
1fm9_A,ER,83.62068965517241,80.49792531120332,1.699,29,"[0.79211, -0.44829, -0.41424]","[-0.22983, 0.40966, -0.88281]","[0.56545, 0.79449, 0.22147]","[17.54162, 12.22518, 71.08659]"
1g50_A,ER,89.47368421052632,91.70124481327801,0.808,95,"[0.69113, -0.24439, -0.68015]","[-0.36273, -0.93128, -0.03396]","[-0.62511, 0.27018, -0.73228]","[81.82026, 41.37558, 17.54987]"
1g50_B,ER,89.83739837398373,91.70124481327801,0.82,96,"[0.24351, -0.67431, 0.69714]","[0.92543, 0.37668, 0.04108]","[-0.2903, 0.63515, 0.71575]","[10.57566, 54.03608, 53.15927]"
1g50_C,ER,90.1639344262295,91.28630705394191,0.81,95,"[-0.23665, -0.69793, -0.67594]","[-0.93758, 0.34652, -0.02954]","[0.25485, 0.62675, -0.73636]","[93.17634, 55.12815, 43.39448]"
1gs4_A,AR,100.0,97.6,0.547,99,"[0.58562, -0.18861, 0.78834]","[0.79219, -0.07287, -0.60591]","[0.17173, 0.97934, 0.10674]","[-24.64202, 25.04096, -16.99046]"
1gwq_A,ER,90.12345679012346,90.87136929460581,0.752,96,"[-0.68656, -0.71757, -0.11717]","[0.48109, -0.32752, -0.81319]","[0.54515, -0.61467, 0.57008]","[25.18108, 8.10525, 59.86248]"
1gwq_B,ER,90.08264462809917,90.45643153526972,0.699,96,"[-0.70372, 0.70517, -0.08666]","[0.22252, 0.33459, 0.91571]","[0.67473, 0.62512, -0.39237]","[37.13367, -7.98742, -20.95429]"
1gwr_A,ER,92.01680672268907,90.87136929460581,0.736,95,"[-0.48551, -0.55586, -0.67476]","[0.62451, 0.3196, -0.71264]","[0.61178, -0.76738, 0.19197]","[7.55173, -19.42586, 41.40518]"
1gwr_B,ER,91.63179916317992,90.87136929460581,0.675,96,"[-0.84858, 0.49753, 0.17995]","[0.04208, -0.27558, 0.96036]","[0.5274, 0.82251, 0.21292]","[30.95156, 20.27191, -28.39552]"
1h9u_A,ER,89.55223880597015,74.68879668049793,1.496,32,"[0.71826, -0.28399, 0.63517]","[-0.33604, 0.65777, 0.6741]","[-0.60924, -0.69763, 0.37702]","[-64.33818, -74.00209, 102.43545]"
1h9u_B,ER,90.04975124378109,75.10373443983403,1.522,32,"[0.71843, 0.28765, -0.63334]","[-0.33282, -0.65737, -0.67609]","[-0.61081, 0.69651, -0.37654]","[-64.38587, -7.34268, 151.68412]"
1h9u_C,ER,89.55223880597015,74.68879668049793,1.496,32,"[0.63029, 0.29639, 0.71756]","[0.68027, -0.65624, -0.32647]","[0.37413, 0.6939, -0.61525]","[-44.03697, -7.52772, 81.65423]"
1h9u_D,ER,90.04975124378109,75.10373443983403,1.523,32,"[-0.63483, -0.29216, 0.71529]","[-0.67811, 0.65441, -0.33453]","[-0.37036, -0.69741, -0.61355]","[5.62426, -73.94341, 82.06599]"
1k4w_A,ER,80.73770491803278,81.74273858921161,1.876,17,"[-0.28409, 0.9132, -0.29216]","[-0.90398, -0.15355, 0.39906]","[0.31956, 0.37748, 0.86913]","[50.38503, 25.1542, 25.56813]"
1k74_A,ER,83.62068965517241,80.49792531120332,1.698,29,"[0.78823, -0.46302, -0.40534]","[-0.23251, 0.38578, -0.89281]","[0.56977, 0.79799, 0.19643]","[17.66539, 39.39067, 71.5715]"
1kv6_A,ER,91.8918918918919,84.64730290456431,1.46,33,"[-0.62709, 0.7642, -0.15087]","[0.40589, 0.15526, -0.90064]","[-0.66484, -0.62602, -0.40755]","[-9.62897, 11.11927, 26.19907]"
1kv6_B,ER,90.990990990991,83.81742738589212,1.345,33,"[0.3229, 0.52978, 0.78426]","[-0.29105, -0.73291, 0.61492]","[0.90057, -0.42682, -0.08246]","[34.08461, 49.4223, -33.03506]"
1l2i_A,ER,93.58974358974359,90.87136929460581,0.864,95,"[-0.94722, 0.29118, 0.1341]","[0.08506, -0.17504, 0.98088]","[0.30908, 0.94052, 0.14103]","[30.15293, 22.09536, -20.00124]"
1l2i_B,ER,93.53448275862068,90.04149377593362,0.954,94,"[-0.28374, -0.7417, -0.60776]","[0.55058, 0.3929, -0.73654]","[0.78508, -0.54361, 0.29688]","[14.89521, -15.07753, 53.34084]"
1l2j_A,ER,95.6896551724138,92.11618257261411,1.417,53,"[0.5256, 0.21571, -0.82293]","[0.8257, 0.10358, 0.55452]","[0.20485, -0.97095, -0.12367]","[14.45282, 50.45671, -8.31965]"
1l2j_B,ER,96.41255605381166,89.21161825726142,1.41,54,"[-0.31687, -0.4945, -0.80936]","[-0.61624, -0.54134, 0.57201]","[-0.721, 0.68002, -0.1332]","[8.5911, 105.8967, 29.9435]"
1m2z_A,GR,100.0,100.0,0.0,100,"[1.0, -0.0, -0.0]","[0.0, 1.0, -0.0]","[0.0, -0.0, 1.0]","[-0.0, -0.0, 0.0]"
1m2z_D,GR,99.60474308300395,98.82352941176471,0.519,99,"[0.40766, 0.9131, 0.0081]","[0.91295, -0.40774, 0.01623]","[0.01812, 0.00078, -0.99984]","[-0.30993, 0.16609, -0.59559]"
1mv9_A,ER,88.3177570093458,78.42323651452283,1.558,30,"[0.7747, -0.22831, 0.58968]","[0.42885, 0.875, -0.22463]","[-0.46469, 0.4269, 0.77577]","[28.01382, 46.69022, 43.75065]"
1mvc_A,ER,89.15094339622641,78.42323651452283,1.56,30,"[0.2293, -0.76735, -0.59883]","[-0.87381, -0.43332, 0.22068]","[-0.42882, 0.47266, -0.76987]","[49.89541, 68.74806, 12.67608]"
1mzn_A,ER,85.71428571428571,79.66804979253112,1.64,29,"[-0.58258, -0.81278, -0.00034]","[0.50602, -0.36303, 0.78241]","[-0.63604, 0.45564, 0.62277]","[-21.0158, 27.18458, -2.23366]"
1mzn_C,ER,89.15094339622641,78.42323651452283,1.54,30,"[0.32359, -0.26556, -0.90816]","[-0.4157, 0.82231, -0.38858]","[0.84999, 0.50327, 0.1557]","[29.57007, -21.16658, 41.81852]"
1mzn_E,ER,85.71428571428571,79.66804979253112,1.647,29,"[0.58197, -0.81321, -0.00094]","[-0.50696, -0.3619, -0.78231]","[0.63585, 0.45575, -0.62289]","[37.56869, 27.12629, 76.24992]"
1mzn_G,ER,89.15094339622641,78.42323651452283,1.541,30,"[-0.32191, -0.26645, 0.90851]","[0.41793, 0.82104, 0.38888]","[-0.84953, 0.50488, -0.15294]","[-13.12968, -21.11878, 32.21257]"
1n4h_A,ER,80.73770491803278,81.74273858921161,1.867,17,"[-0.32162, 0.90011, -0.29388]","[-0.89767, -0.19112, 0.39706]","[0.30123, 0.39151, 0.86947]","[50.26023, 26.26762, 25.7232]"
1n83_A,AR,82.07171314741036,82.39999999999999,2.123,12,"[-0.45233, 0.24291, -0.85813]","[0.1028, 0.96998, 0.22038]","[0.8859, 0.01147, -0.46373]","[27.40794, 7.16983, 46.68934]"
1nde_A,ER,96.96969696969697,92.9460580912863,1.231,56,"[0.70047, 0.29061, -0.65184]","[-0.38483, -0.61538, -0.6879]","[-0.60104, 0.7327, -0.31922]","[85.21232, 32.38873, -93.33619]"
1nhz_A,GR,90.7949790794979,85.09803921568627,0.764,98,"[0.70387, 0.63143, -0.32536]","[-0.00226, 0.46003, 0.8879]","[0.71032, -0.62423, 0.32523]","[-32.66379, -1.92445, 3.68162]"
1nq7_A,ER,80.73770491803278,81.74273858921161,1.834,18,"[-0.31585, 0.90161, -0.29552]","[-0.90077, -0.18709, 0.39193]","[0.29808, 0.38998, 0.87124]","[50.48163, 26.21639, 25.87315]"
1ovl_A,ER,82.89473684210526,78.42323651452283,1.85,22,"[0.49645, 0.03989, -0.86715]","[-0.43131, 0.87824, -0.20654]","[0.75333, 0.47655, 0.45321]","[18.08855, -7.92336, 12.41451]"
1ovl_B,ER,81.77966101694916,80.08298755186722,1.86,21,"[-0.37044, 0.26436, 0.89044]","[0.82962, 0.52531, 0.18918]","[-0.41774, 0.8088, -0.41392]","[-22.35515, 3.13831, -0.7121]"
1ovl_C,ER,85.39823008849558,80.08298755186722,2.043,21,"[-0.28037, 0.34722, 0.89489]","[0.92869, 0.33389, 0.16141]","[-0.24275, 0.87633, -0.41607]","[-20.94422, 51.89272, -33.6896]"
1ovl_D,ER,82.6086956521739,78.83817427385893,1.878,23,"[-0.25139, -0.41718, 0.87336]","[-0.58336, 0.78533, 0.20722]","[-0.77233, -0.45739, -0.44079]","[39.42795, 3.23245, 5.30231]"
1ovl_E,AR,82.39999999999999,82.39999999999999,1.91,16,"[-0.77102, -0.44448, 0.45602]","[-0.43391, 0.89084, 0.13466]","[-0.46609, -0.09405, -0.87972]","[79.94301, 32.66099, -16.31516]"
1ovl_F,ER,84.75336322869956,78.42323651452283,1.887,22,"[-0.19709, 0.41333, -0.88899]","[-0.70898, -0.68638, -0.16195]","[-0.67713, 0.59836, 0.42833]","[4.14933, 67.75763, 53.81304]"
1p8d_A,ER,84.58333333333333,84.23236514522821,1.987,19,"[0.31189, -0.68632, -0.65703]","[-0.88847, -0.45571, 0.05427]","[-0.33666, 0.56683, -0.75191]","[61.84341, 31.43511, 83.33263]"
1p8d_B,AR,89.1213389121339,85.2,1.944,20,"[-0.15557, 0.95376, -0.25718]","[-0.35119, 0.18994, 0.91683]","[0.92329, 0.23295, 0.30541]","[34.43654, -60.7556, 89.90233]"
1p93_A,GR,98.78542510121457,95.68627450980392,0.743,99,"[-0.4027, -0.91473, 0.03324]","[-0.91517, 0.40304, 0.00396]","[-0.01702, -0.02883, -0.99944]","[64.07228, 37.3591, 9.56032]"
1p93_B,GR,99.59183673469387,95.68627450980392,0.727,99,"[-0.52086, -0.85355, -0.01234]","[0.85363, -0.52088, -0.00204]","[-0.00468, -0.0116, 0.99992]","[64.09378, 37.32449, 26.6571]"
1p93_C,GR,99.59514170040485,96.47058823529412,0.718,98,"[-0.99865, 0.0474, 0.02111]","[-0.04571, -0.99617, 0.07459]","[0.02457, 0.07352, 0.99699]","[63.09178, 35.05809, 9.27871]"
1p93_D,GR,99.59514170040485,96.47058823529412,0.8,98,"[-0.99053, -0.13728, 0.00339]","[-0.13727, 0.98906, -0.054]","[0.00406, -0.05396, -0.99853]","[62.98285, 38.31483, -3.99601]"
1pcg_A,ER,92.24137931034483,88.79668049792531,0.842,95,"[0.0165, 0.81067, 0.58527]","[-0.54522, -0.48337, 0.6849]","[0.83813, -0.3304, 0.43402]","[54.52424, 26.39004, 0.67435]"
1pcg_B,ER,91.76954732510289,92.5311203319502,0.829,95,"[-0.47449, 0.48037, -0.73764]","[0.75723, -0.20455, -0.62029]","[-0.44885, -0.85288, -0.26669]","[-11.55589, 10.28459, 49.17657]"
1pzl_A,ER,84.14096916299559,79.25311203319502,1.737,24,"[-0.99235, -0.01268, 0.12278]","[-0.10205, -0.47529, -0.87389]","[0.06944, -0.87974, 0.47036]","[94.00212, 4.93378, 65.15817]"
1qkm_A,ER,93.04347826086956,88.79668049792531,1.192,54,"[-0.6953, 0.31225, 0.64734]","[0.39674, -0.58428, 0.70797]","[0.59929, 0.74908, 0.28237]","[44.97871, 31.27385, 97.45045]"
1qkt_A,ER,91.93548387096774,94.6058091286307,0.745,95,"[-0.84713, -0.05856, 0.52815]","[-0.12373, -0.94485, -0.30322]","[0.51678, -0.32222, 0.79317]","[29.63275, 59.03989, 181.08212]"
1qku_A,ER,88.4,91.70124481327801,0.806,96,"[0.6921, -0.24387, -0.67935]","[-0.3627, -0.93124, -0.03521]","[-0.62405, 0.27076, -0.73297]","[81.87329, 41.3617, 17.56729]"
1qku_B,ER,89.47368421052632,91.70124481327801,0.792,96,"[0.24357, -0.67825, 0.69329]","[0.92605, 0.3751, 0.04162]","[-0.28828, 0.63188, 0.71946]","[10.61474, 54.03621, 53.20117]"
1qku_C,ER,89.06882591093117,91.28630705394191,0.782,94,"[-0.23771, -0.69984, -0.67359]","[-0.93694, 0.34811, -0.03104]","[0.2562, 0.62373, -0.73846]","[93.2191, 55.00744, 43.44769]"
1r5k_A,ER,95.33898305084746,93.3609958506224,0.761,96,"[-0.34454, -0.30421, -0.88811]","[-0.43422, -0.78712, 0.43807]","[-0.83231, 0.53657, 0.1391]","[-19.07364, 81.37491, 346.00661]"
1r5k_B,ER,95.31914893617022,92.9460580912863,0.665,96,"[0.95113, -0.05041, -0.30465]","[0.1112, 0.97631, 0.18563]","[0.28807, -0.21044, 0.9342]","[-31.9157, 0.83311, 363.50354]"
1r5k_C,ER,96.17021276595744,93.7759336099585,0.791,94,"[-0.39084, 0.73078, -0.55965]","[0.76557, 0.59565, 0.24313]","[0.51103, -0.33342, -0.79226]","[18.70127, 24.14403, 310.26949]"
1rdt_A,ER,89.57345971563981,78.42323651452283,1.628,30,"[-0.79021, 0.45877, -0.40632]","[0.22469, -0.39996, -0.88857]","[-0.57016, -0.79345, 0.21297]","[5.69088, 14.53629, 71.16256]"
1rdt_D,GR,80.70866141732283,80.3921568627451,1.922,20,"[0.02834, -0.75324, 0.65714]","[0.99364, -0.05045, -0.10068]","[0.10899, 0.65581, 0.74702]","[0.42018, 47.9816, -16.34418]"
1s0x_A,GR,80.0796812749004,78.82352941176471,2.083,13,"[-0.46155, 0.24332, -0.85309]","[0.10703, 0.9699, 0.21873]","[0.88064, 0.00965, -0.4737]","[27.66734, 7.2633, 46.56093]"
1sj0_A,ER,93.00411522633745,93.7759336099585,0.792,96,"[0.84037, 0.05624, 0.53909]","[0.12734, 0.94628, -0.29722]","[-0.52685, 0.31842, 0.78806]","[-0.6068, -8.36979, 42.70076]"
1skx_A,AR,82.23140495867769,79.60000000000001,2.066,17,"[-0.32867, -0.61669, 0.71531]","[0.69964, -0.66774, -0.25422]","[0.63442, 0.4169, 0.65093]","[5.4148, 95.04611, -29.31216]"
1t5z_A,AR,99.6,99.6,0.737,100,"[0.62749, -0.19512, 0.75378]","[0.75792, -0.06872, -0.64872]","[0.17838, 0.97837, 0.10476]","[-26.69592, 58.39539, -16.64229]"
1t63_A,AR,99.6,99.6,0.669,100,"[0.62224, -0.20015, 0.7568]","[0.76546, -0.04692, -0.64177]","[0.16396, 0.97864, 0.12401]","[-53.56491, 25.74777, -16.55348]"
1t65_A,AR,98.40637450199203,98.8,0.652,100,"[-0.62602, 0.19871, 0.75407]","[-0.75991, 0.06162, -0.64711]","[-0.17505, -0.97812, 0.11242]","[54.29646, 8.12773, -16.50129]"
1tfc_A,ER,89.38053097345133,83.81742738589212,1.369,33,"[-0.62256, 0.76884, -0.14596]","[0.4144, 0.16566, -0.89489]","[-0.66385, -0.61761, -0.42174]","[-9.55598, 11.04527, 25.71978]"
1tfc_B,ER,90.66666666666666,84.64730290456431,1.437,32,"[0.33024, 0.53002, 0.78103]","[-0.28065, -0.7349, 0.61738]","[0.90121, -0.42309, -0.09394]","[34.00463, 49.87655, -33.10401]"
1u3q_A,ER,92.47787610619469,86.72199170124482,1.013,56,"[-0.63763, -0.32009, -0.7007]","[0.36394, 0.67651, -0.64022]","[0.67896, -0.66323, -0.31487]","[40.53051, -25.79116, 29.74524]"
1u3q_B,ER,93.83259911894272,88.38174273858921,1.345,54,"[-0.50264, 0.3431, -0.79349]","[-0.73303, -0.65572, 0.18081]","[-0.45827, 0.67254, 0.5811]","[19.78873, 58.64822, 47.53017]"
1u3q_C,ER,93.36283185840708,87.55186721991701,1.134,55,"[-0.73779, 0.22849, 0.63519]","[0.37757, -0.64032, 0.6689]","[0.55956, 0.73334, 0.38615]","[39.1138, 40.93548, -19.47894]"
1u3q_D,ER,92.92035398230088,87.13692946058092,1.2,55,"[0.7529, -0.34383, -0.56118]","[0.61109, 0.68181, 0.40213]","[0.24435, -0.64569, 0.72345]","[-29.63706, -7.04317, 39.49218]"
1u3r_A,ER,91.34199134199135,87.55186721991701,1.261,54,"[0.70891, 0.50319, -0.49421]","[-0.44486, -0.22475, -0.86694]","[-0.54731, 0.83444, 0.06452]","[9.03389, 52.09308, 63.52666]"
1u3r_B,ER,92.95154185022027,87.55186721991701,1.149,55,"[0.62446, -0.70076, 0.34494]","[-0.20409, 0.27989, 0.93809]","[-0.75392, -0.6562, 0.03176]","[-2.71849, 20.17169, -11.24096]"
1u3s_A,ER,94.27312775330397,88.79668049792531,1.352,54,"[0.70935, 0.50736, -0.4893]","[-0.44638, -0.21388, -0.86891]","[-0.5455, 0.83477, 0.07476]","[9.15327, 52.01075, 63.77954]"
1u3s_B,ER,92.82511210762333,85.89211618257261,1.033,56,"[0.63048, -0.68979, 0.35592]","[-0.21141, 0.2886, 0.93382]","[-0.74686, -0.664, 0.03613]","[-2.26534, 19.87831, -11.17242]"
1u9e_A,ER,92.37668161434978,85.47717842323651,1.162,55,"[0.70164, 0.51458, -0.49286]","[-0.45256, -0.21243, -0.86606]","[-0.55036, 0.83071, 0.08383]","[9.19452, 51.76877, 63.92197]"
1u9e_B,ER,91.22807017543859,86.30705394190872,1.031,55,"[0.62585, -0.69731, 0.34937]","[-0.20768, 0.28278, 0.93643]","[-0.75178, -0.65863, 0.03216]","[-2.63921, 20.04536, -11.19985]"
1uhl_A,ER,89.25233644859813,79.25311203319502,1.636,30,"[0.65541, -0.18543, 0.73215]","[0.7451, 0.31728, -0.58665]","[-0.12351, 0.93003, 0.34611]","[18.35177, 13.67408, 34.94875]"
1uhl_B,AR,92.23744292237443,80.80000000000001,1.921,20,"[-0.71627, 0.69671, 0.03949]","[-0.2691, -0.22356, -0.93681]","[-0.64385, -0.68163, 0.34761]","[108.04722, -16.80314, 17.93611]"
1uom_A,ER,96.53679653679653,92.5311203319502,0.678,96,"[-0.84615, -0.06507, 0.52896]","[-0.1149, -0.94691, -0.30028]","[0.52041, -0.31485, 0.79375]","[29.51463, 58.85272, 42.97533]"
1x76_A,ER,93.77777777777779,87.55186721991701,1.277,55,"[0.70406, 0.51432, -0.48967]","[-0.4506, -0.2094, -0.86782]","[-0.54888, 0.83164, 0.08432]","[9.21052, 51.81627, 64.0605]"
1x76_B,ER,93.33333333333333,87.13692946058092,1.085,55,"[0.62893, -0.69498, 0.3485]","[-0.20548, 0.28372, 0.93663]","[-0.74982, -0.66069, 0.03564]","[-2.61865, 19.94867, -11.13566]"
1x78_A,ER,92.54385964912281,87.55186721991701,1.29,56,"[0.70521, 0.51277, -0.48963]","[-0.44914, -0.21125, -0.86813]","[-0.54859, 0.83213, 0.08133]","[8.94694, 51.573, 63.93431]"
1x78_B,ER,92.10526315789474,87.13692946058092,1.114,55,"[0.6259, -0.69718, 0.34957]","[-0.2035, 0.2867, 0.93616]","[-0.75289, -0.65707, 0.03757]","[-2.88974, 19.82594, -11.09623]"
1x7b_A,ER,92.10526315789474,87.13692946058092,1.233,55,"[0.70198, 0.5212, -0.48535]","[-0.44727, -0.2077, -0.86995]","[-0.55423, 0.82777, 0.08731]","[9.05666, 51.64097, 64.22044]"
1x7b_B,ER,93.77777777777779,87.55186721991701,1.143,55,"[0.62565, -0.70075, 0.34281]","[-0.20284, 0.2782, 0.93886]","[-0.75327, -0.65693, 0.03192]","[-2.81455, 20.14305, -11.2147]"
1x7e_A,ER,92.43697478991596,91.28630705394191,0.865,94,"[-0.4633, -0.27937, 0.84101]","[-0.88617, 0.15313, -0.43732]","[-0.00661, -0.94789, -0.31852]","[49.15229, -2.86952, 6.09006]"
1x7e_B,ER,92.01680672268907,90.87136929460581,0.845,94,"[0.47182, 0.76138, 0.44463]","[0.8817, -0.40742, -0.23794]","[-1e-05, 0.50429, -0.86353]","[-24.69744, 33.29754, -6.98304]"
1x7j_A,ER,94.22222222222221,87.96680497925311,1.347,55,"[0.70998, 0.51584, -0.47942]","[-0.44407, -0.20043, -0.87329]","[-0.54656, 0.83291, 0.08676]","[9.04408, 51.50106, 64.4493]"
1x7j_B,ER,93.77777777777779,87.55186721991701,1.119,55,"[0.61914, -0.70825, 0.33918]","[-0.19629, 0.27862, 0.94013]","[-0.76035, -0.64865, 0.03348]","[-3.08056, 20.26398, -11.04579]"
1x7r_A,ER,92.76595744680851,90.45643153526972,0.743,95,"[0.12097, 0.71637, 0.68715]","[0.91209, 0.19296, -0.36174]","[-0.39173, 0.6705, -0.63006]","[-11.27135, 32.75671, -1.24218]"
1xb7_A,ER,89.30232558139535,79.66804979253112,1.455,31,"[-0.94371, 0.29507, 0.14946]","[-0.30019, -0.57429, -0.76163]","[-0.1389, -0.76363, 0.63054]","[-6.49246, 47.42473, 54.58513]"
1xiu_A,ER,84.61538461538461,77.59336099585063,1.525,28,"[0.80218, 0.32849, -0.4986]","[-0.57908, 0.63156, -0.51556]","[0.14554, 0.7023, 0.69685]","[32.48999, 40.34914, 125.79804]"
1xiu_B,ER,86.16071428571429,80.08298755186722,1.677,28,"[0.15669, -0.90523, -0.39497]","[0.15131, -0.37319, 0.91533]","[-0.97599, -0.20319, 0.0785]","[-7.11157, 74.12051, 61.57955]"
1xj7_A,AR,97.265625,99.6,0.656,100,"[-0.61121, 0.20398, 0.76473]","[-0.77402, 0.04772, -0.63137]","[-0.16528, -0.97781, 0.12871]","[79.12924, 40.92297, -16.70711]"
1xls_A,ER,84.48275862068965,81.32780082987551,1.766,30,"[0.02869, -0.55912, 0.82859]","[-0.99177, 0.08755, 0.09342]","[-0.12478, -0.82445, -0.55201]","[42.18609, -29.40815, -1.99466]"
1xls_B,ER,84.48275862068965,81.32780082987551,1.765,30,"[-0.19037, -0.40958, -0.89219]","[0.97802, -0.0004, -0.2085]","[0.08504, -0.91227, 0.40065]","[-7.56779, -35.26548, 3.14648]"
1xls_C,ER,84.48275862068965,81.32780082987551,1.765,30,"[-0.17612, 0.39985, 0.8995]","[0.98042, -0.01051, 0.19664]","[0.08808, 0.91652, -0.39017]","[-34.41563, 35.75464, -3.12246]"
1xls_D,ER,84.48275862068965,81.32780082987551,1.766,30,"[0.02547, 0.5581, -0.82938]","[-0.99123, -0.09349, -0.09335]","[-0.12964, 0.82449, 0.55083]","[0.49941, 29.52007, 1.59037]"
1xls_E,GR,83.05785123966942,78.82352941176471,2.141,19,"[0.2177, -0.42679, -0.87776]","[-0.30079, 0.82622, -0.47633]","[0.92851, 0.36772, 0.05149]","[-14.81121, -12.00105, 73.59607]"
1xls_F,GR,83.05785123966942,78.82352941176471,2.14,19,"[-0.18494, -0.52306, 0.83199]","[0.48148, 0.68981, 0.54069]","[-0.85673, 0.50058, 0.12427]","[42.33656, -12.79916, -76.20387]"
1xls_G,GR,83.05785123966942,78.82352941176471,2.14,19,"[-0.18827, 0.52292, -0.83133]","[0.47555, -0.69208, -0.54303]","[-0.85931, -0.49757, -0.11838]","[16.07956, 12.7118, 75.6817]"
1xls_H,GR,83.05785123966942,78.82352941176471,2.141,19,"[0.2197, 0.42695, 0.87718]","[-0.29953, -0.8262, 0.47715]","[0.92845, -0.36757, -0.05363]","[-56.55978, 11.84442, -74.07379]"
1xow_A,AR,99.58847736625515,96.8,0.434,100,"[-0.61988, 0.20237, 0.75816]","[-0.7667, 0.04955, -0.64009]","[-0.1671, -0.97805, 0.12444]","[53.58183, 7.78028, -16.5832]"
1xp1_A,ER,93.06122448979592,94.6058091286307,0.835,96,"[0.84158, 0.05338, 0.53748]","[0.13118, 0.94511, -0.29926]","[-0.52395, 0.32236, 0.78839]","[-0.64066, -8.19855, 42.84874]"
1xp6_A,ER,92.65306122448979,94.1908713692946,0.791,96,"[0.84329, 0.05478, 0.53466]","[0.12551, 0.94722, -0.295]","[-0.52259, 0.31588, 0.79191]","[-0.46624, -8.42264, 42.78824]"
1xp9_A,ER,92.65306122448979,94.1908713692946,0.801,96,"[0.84142, 0.05339, 0.53773]","[0.1298, 0.946, -0.29704]","[-0.52456, 0.31973, 0.78906]","[-0.525, -8.31932, 42.71846]"
1xpc_A,ER,93.06122448979592,94.6058091286307,0.83,96,"[0.84032, 0.05497, 0.5393]","[0.12974, 0.94554, -0.29853]","[-0.52634, 0.32083, 0.78742]","[-0.45946, -8.32964, 42.83135]"
1xq3_A,AR,99.58847736625515,96.8,0.467,100,"[-0.59332, 0.19144, 0.78187]","[-0.78569, 0.07356, -0.61423]","[-0.1751, -0.97874, 0.10677]","[53.29854, 7.78726, -16.82246]"
1xqc_A,ER,96.875,90.04149377593362,0.649,97,"[-0.84163, -0.27834, -0.4628]","[0.44179, 0.13801, -0.88644]","[0.31061, -0.95051, 0.00682]","[31.00803, -20.80472, 58.45825]"
1xqc_B,ER,97.73755656108597,89.62655601659752,0.631,97,"[-0.48481, 0.74055, 0.46535]","[0.23717, -0.40081, 0.88493]","[0.84185, 0.53939, 0.01869]","[44.53157, 15.5286, -15.51058]"
1xqc_C,ER,97.32142857142857,90.45643153526972,0.627,97,"[-0.85828, 0.26374, 0.44023]","[0.42066, -0.12978, 0.89789]","[0.29395, 0.95582, 0.00044]","[3.65391, 61.23346, -5.92683]"
1xqc_D,ER,97.28506787330316,89.21161825726142,0.77,97,"[-0.44897, -0.75673, -0.47517]","[0.23882, 0.41081, -0.87988]","[0.86104, -0.50852, -0.00372]","[16.3414, 25.4309, 68.37482]"
1xv9_A,ER,84.05172413793103,80.91286307053942,1.728,29,"[0.62053, 0.68302, -0.38527]","[-0.19705, 0.61135, 0.76644]","[0.75903, -0.39968, 0.51394]","[49.65378, 4.6609, 67.50427]"
1xv9_B,ER,81.70731707317073,83.40248962655602,2.053,19,"[-0.70267, 0.04701, -0.70996]","[0.20184, -0.94366, -0.26225]","[-0.68228, -0.32757, 0.65359]","[23.88032, 71.00851, 109.30191]"
1xv9_C,ER,83.1896551724138,80.08298755186722,1.654,29,"[-0.29914, -0.92501, 0.23424]","[-0.6388, 0.01178, -0.76929]","[0.70884, -0.37975, -0.59442]","[87.62615, 64.24822, 40.6754]"
1xv9_D,ER,81.70731707317073,83.40248962655602,2.074,19,"[-0.37416, 0.45214, 0.80968]","[0.92596, 0.23022, 0.29933]","[-0.05107, 0.86172, -0.5048]","[16.64505, 62.2866, -1.50243]"
1xvp_A,ER,83.1896551724138,80.08298755186722,1.639,29,"[0.62193, 0.69205, -0.36644]","[-0.21595, 0.60137, 0.76923]","[0.75271, -0.39927, 0.52346]","[50.1081, 4.02216, 66.51397]"
1xvp_B,ER,81.70731707317073,83.40248962655602,2.049,19,"[-0.69131, 0.04722, -0.72101]","[0.21276, -0.94032, -0.26559]","[-0.69052, -0.33701, 0.64001]","[23.32533, 69.78198, 108.56543]"
1xvp_C,ER,81.35593220338984,79.66804979253112,1.647,29,"[-0.30216, -0.92868, 0.21507]","[-0.63458, 0.02761, -0.77236]","[0.71134, -0.36986, -0.59767]","[88.13812, 63.88976, 40.55824]"
1xvp_D,ER,81.70731707317073,83.40248962655602,2.067,19,"[-0.3716, 0.43294, 0.82126]","[0.92726, 0.21673, 0.30531]","[-0.04581, 0.87498, -0.48199]","[17.27498, 63.21849, -1.72544]"
1yim_A,ER,92.65306122448979,94.1908713692946,0.824,96,"[0.83998, 0.05369, 0.53995]","[0.12978, 0.94633, -0.296]","[-0.52686, 0.31871, 0.78793]","[-0.54112, -8.41992, 42.67724]"
1yin_A,ER,93.3609958506224,93.3609958506224,0.797,97,"[0.84112, 0.05487, 0.53806]","[0.12378, 0.94891, -0.29025]","[-0.5265, 0.31074, 0.79135]","[-0.20756, -8.66584, 42.64166]"
1yok_A,ER,83.47457627118644,81.74273858921161,1.906,23,"[0.57186, -0.77841, -0.25895]","[0.08987, 0.3732, -0.92339]","[0.81542, 0.50477, 0.28337]","[34.84538, 41.77104, 58.82389]"
1yuc_A,ER,82.08333333333333,81.74273858921161,1.803,23,"[-0.55576, 0.22785, -0.79951]","[-0.22201, 0.8861, 0.40686]","[0.80115, 0.40361, -0.44188]","[92.41853, 2.6121, 14.72819]"
1yuc_B,ER,82.08333333333333,81.74273858921161,1.747,23,"[0.89863, -0.39183, 0.19732]","[-0.39937, -0.54448, 0.7376]","[-0.18158, -0.74163, -0.64577]","[21.23355, -17.00841, -18.7255]"
1yy4_A,ER,92.88888888888889,86.72199170124482,1.206,56,"[0.70551, 0.51401, -0.4879]","[-0.45064, -0.20596, -0.86862]","[-0.54697, 0.83269, 0.08632]","[9.12011, 51.60157, 64.14924]"
1yy4_B,ER,92.88888888888889,86.72199170124482,1.069,55,"[0.62579, -0.69813, 0.34786]","[-0.2038, 0.28413, 0.93687]","[-0.75289, -0.65718, 0.03553]","[-2.75481, 19.9351, -11.05077]"
1yye_A,ER,92.98245614035088,87.96680497925311,1.37,55,"[0.70963, 0.52097, -0.47436]","[-0.43908, -0.19955, -0.87601]","[-0.55103, 0.82992, 0.08714]","[8.92897, 51.75401, 64.61196]"
1yye_B,ER,93.75,87.13692946058092,1.107,55,"[0.61691, -0.71457, 0.32987]","[-0.18433, 0.27629, 0.94323]","[-0.76514, -0.6427, 0.03873]","[-3.45505, 20.90323, -10.91509]"
1z95_A,AR,100.0,95.19999999999999,0.526,100,"[-0.58866, 0.20005, 0.78323]","[-0.78785, 0.075, -0.61129]","[-0.18104, -0.97691, 0.11346]","[53.0617, 7.64632, -17.11781]"
1zaf_A,ER,92.98245614035088,87.96680497925311,1.296,54,"[0.70473, 0.50253, -0.50083]","[-0.45591, -0.2201, -0.86238]","[-0.5436, 0.83608, 0.074]","[9.5251, 52.50092, 63.467]"
1zaf_B,ER,93.42105263157895,88.38174273858921,1.188,55,"[0.62932, -0.69247, 0.35276]","[-0.20951, 0.28594, 0.93506]","[-0.74837, -0.66236, 0.03487]","[-2.4182, 20.36779, -11.31527]"
1zdt_A,ER,84.54935622317596,81.74273858921161,1.856,24,"[-0.99278, 0.02456, 0.1174]","[-0.04045, 0.85291, -0.5205]","[-0.11291, -0.52149, -0.84576]","[13.67379, -14.88018, 67.50354]"
1zdt_B,ER,83.26359832635984,82.57261410788381,1.898,24,"[0.13383, -0.57329, -0.80835]","[0.05441, -0.81021, 0.58361]","[-0.98951, -0.12209, -0.07724]","[-12.3553, -6.17974, 91.1365]"
1zdu_A,ER,84.54935622317596,81.74273858921161,1.868,23,"[-0.57314, -0.78477, 0.23589]","[-0.1264, 0.36908, 0.92076]","[-0.80965, 0.49791, -0.31073]","[-3.68389, 41.26705, -19.58795]"
1zky_A,ER,91.63179916317992,90.87136929460581,0.985,94,"[-0.82913, 0.51884, 0.20818]","[0.06394, -0.28193, 0.9573]","[0.55538, 0.80704, 0.20058]","[5.12707, 20.02733, -19.93472]"
1zky_B,ER,89.79591836734694,91.28630705394191,1.023,93,"[-0.49089, -0.56421, -0.66385]","[0.62263, 0.30577, -0.7203]","[0.60939, -0.76692, 0.20119]","[-17.6368, -19.1343, 50.17918]"
2a3i_A,GR,96.83794466403161,96.07843137254902,1.12,57,"[-0.24439, -0.09683, -0.96483]","[-0.79482, -0.54996, 0.25652]","[-0.55545, 0.82956, 0.05744]","[42.43511, 70.83782, 42.52144]"
2am9_A,AR,98.8,98.8,0.495,100,"[-0.61858, 0.18927, 0.76258]","[-0.76961, 0.04956, -0.63658]","[-0.15828, -0.98067, 0.11501]","[52.97787, 8.22979, -16.40894]"
2ama_A,AR,99.58847736625515,96.8,0.458,100,"[-0.6142, 0.19615, 0.76439]","[-0.77199, 0.05159, -0.63354]","[-0.1637, -0.97922, 0.11974]","[53.52312, 7.87858, -16.73938]"
2amb_A,AR,99.59349593495935,98.0,0.473,100,"[-0.6202, 0.18788, 0.76161]","[-0.76933, 0.04398, -0.63734]","[-0.15324, -0.98121, 0.11727]","[53.16387, 8.31751, -16.40712]"
2ao6_A,AR,100.0,96.8,0.448,100,"[-0.62447, 0.19865, 0.75536]","[-0.76399, 0.04565, -0.64361]","[-0.16234, -0.97901, 0.12326]","[53.66882, 8.19689, -16.65575]"
2ax6_A,AR,100.0,96.8,0.538,100,"[-0.62442, 0.19518, 0.75631]","[-0.764, 0.04882, -0.64336]","[-0.16249, -0.97955, 0.11864]","[53.71081, 8.27452, -16.54832]"
2ax7_A,AR,100.0,95.19999999999999,0.53,100,"[-0.62185, 0.19052, 0.75961]","[-0.7657, 0.05565, -0.64079]","[-0.16435, -0.98011, 0.11127]","[53.68957, 8.46073, -16.82992]"
2ax8_A,AR,100.0,95.19999999999999,0.532,100,"[-0.62661, 0.1929, 0.75508]","[-0.76141, 0.05504, -0.64593]","[-0.16616, -0.97967, 0.11239]","[53.96647, 8.32565, -16.61169]"
2ax9_A,AR,100.0,95.19999999999999,0.526,100,"[-0.62768, 0.19375, 0.75398]","[-0.76114, 0.05051, -0.64662]","[-0.16337, -0.97975, 0.11577]","[54.06368, 8.35761, -16.55244]"
2axa_A,AR,100.0,95.19999999999999,0.549,100,"[-0.62163, 0.1906, 0.75977]","[-0.7663, 0.05308, -0.64029]","[-0.16236, -0.98023, 0.11307]","[53.63456, 8.46304, -16.88898]"
2ayr_A,ER,92.6829268292683,94.6058091286307,0.749,96,"[0.84594, 0.05691, 0.53024]","[0.12506, 0.9454, -0.30098]","[-0.51841, 0.32092, 0.79263]","[-0.3902, -8.20967, 42.94278]"
2b1v_A,ER,92.37288135593221,90.45643153526972,0.964,94,"[-0.83011, 0.51648, 0.21015]","[0.06738, -0.28122, 0.95728]","[0.55351, 0.80881, 0.19864]","[33.15358, 19.91064, -20.11347]"
2b1v_B,ER,90.1639344262295,91.28630705394191,1.017,93,"[-0.48992, -0.56119, -0.66712]","[0.62493, 0.30748, -0.71758]","[0.60782, -0.76846, 0.20006]","[10.37272, -19.35734, 49.97691]"
2b1z_A,ER,92.34042553191489,90.04149377593362,0.926,94,"[-0.83082, 0.51882, 0.20141]","[0.05744, -0.28002, 0.95827]","[0.55357, 0.80772, 0.20284]","[33.19225, 19.71145, -20.18313]"
2b1z_B,ER,92.01680672268907,90.87136929460581,0.973,93,"[-0.49438, -0.5637, -0.66169]","[0.62363, 0.30027, -0.72175]","[0.60553, -0.76947, 0.20309]","[10.16374, -19.23512, 49.99965]"
2b23_A,ER,92.57641921397381,87.96680497925311,0.847,94,"[0.28307, -0.74729, 0.60119]","[-0.54738, 0.38883, 0.74107]","[-0.78755, -0.53886, -0.29899]","[-24.86935, -13.48271, -25.52052]"
2b23_B,ER,93.13304721030042,90.04149377593362,1.028,93,"[0.93969, 0.30853, -0.1476]","[-0.09905, -0.16759, -0.98087]","[-0.32737, 0.93633, -0.12693]","[-39.39123, 22.74221, 48.1267]"
2bj4_A,ER,98.62385321100918,89.21161825726142,0.58,98,"[0.29813, -0.74328, -0.59888]","[-0.7368, 0.21968, -0.63943]","[0.60684, 0.63189, -0.48215]","[43.40065, 63.83721, 38.34695]"
2bj4_B,ER,94.14414414414415,86.72199170124482,0.623,98,"[-0.18102, -0.65059, 0.73754]","[0.62879, 0.50007, 0.59544]","[-0.75621, 0.57155, 0.31856]","[-26.20798, 51.83008, -5.97826]"
2e2r_A,ER,89.42731277533039,84.23236514522821,1.423,32,"[-0.47685, 0.58267, -0.6581]","[0.87582, 0.37843, -0.29955]","[0.07451, -0.71922, -0.69077]","[-19.85246, -38.57946, -29.00923]"
2ewp_A,ER,95.53571428571429,88.79668049792531,1.454,35,"[-0.2169, -0.62975, 0.7459]","[-0.09568, -0.7467, -0.65824]","[0.97149, -0.21414, 0.10171]","[52.72858, 17.66425, 29.35952]"
2ewp_B,ER,96.875,90.04149377593362,1.561,35,"[-0.81365, 0.49534, 0.30432]","[0.55666, 0.81477, 0.16215]","[-0.16763, 0.30133, -0.93867]","[14.84738, -41.80468, -14.39978]"
2ewp_C,ER,95.06726457399103,87.96680497925311,1.417,35,"[-0.82782, -0.40116, -0.39215]","[-0.27108, 0.89805, -0.34644]","[0.49115, -0.18049, -0.85217]","[70.04708, -3.84258, 55.31146]"
2ewp_D,ER,94.11764705882352,86.30705394190872,1.284,34,"[-0.33898, -0.33512, 0.87908]","[0.84287, -0.52327, 0.12553]","[0.41793, 0.7835, 0.45984]","[23.32649, 64.27275, 48.08765]"
2ewp_E,ER,94.85981308411215,84.23236514522821,1.211,35,"[0.52857, 0.7287, -0.43544]","[0.84104, -0.37992, 0.38511]","[0.1152, -0.56978, -0.81368]","[-4.39926, -32.51811, 65.50886]"
2fai_A,ER,91.94915254237289,90.04149377593362,0.864,94,"[-0.95676, 0.26073, 0.12897]","[0.09288, -0.14633, 0.98487]","[0.27566, 0.95426, 0.11578]","[29.6253, 22.82816, -20.55576]"
2fai_B,ER,90.20408163265307,91.70124481327801,0.989,94,"[-0.27184, -0.75718, -0.59396]","[0.53564, 0.39371, -0.74705]","[0.79949, -0.52122, 0.29855]","[16.0527, -13.40333, 53.45632]"
2fsz_A,ER,90.5829596412556,83.81742738589212,1.024,57,"[-0.04584, -0.99694, 0.06325]","[-0.43669, 0.07695, 0.89632]","[-0.89845, 0.01346, -0.43888]","[77.2784, 38.16711, -31.545]"
2fsz_B,ER,89.86784140969164,84.64730290456431,1.038,57,"[0.99718, 0.00213, -0.07506]","[-0.06871, 0.42932, -0.90053]","[0.03031, 0.90315, 0.42826]","[69.01152, 30.42284, 50.47995]"
2fvj_A,AR,81.0077519379845,83.6,2.084,15,"[-0.03389, 0.2041, 0.97836]","[0.98482, 0.17357, -0.0021]","[-0.17024, 0.96344, -0.20689]","[-2.25755, 6.50545, -9.14709]"
2g44_A,ER,92.40506329113924,90.87136929460581,0.926,93,"[-0.94515, 0.29699, 0.13598]","[0.08895, -0.16655, 0.98201]","[0.3143, 0.94024, 0.13099]","[3.01613, 22.70693, -20.20444]"
2g44_B,ER,91.13924050632912,89.62655601659752,0.897,94,"[-0.28893, -0.73505, -0.61338]","[0.56083, 0.3893, -0.73069]","[0.77588, -0.55512, 0.29976]","[-12.50741, -14.35898, 53.111]"
2g5o_A,ER,92.01680672268907,90.87136929460581,0.923,93,"[-0.83141, 0.51621, 0.20564]","[0.06249, -0.28087, 0.95771]","[0.55214, 0.8091, 0.20126]","[4.89254, 19.89987, -20.28434]"
2g5o_B,ER,90.7949790794979,90.04149377593362,0.848,94,"[-0.48959, -0.56935, -0.66041]","[0.62285, 0.30169, -0.72183]","[0.61021, -0.76474, 0.20692]","[-18.00916, -19.05626, 50.12716]"
2giu_A,ER,94.66666666666667,88.38174273858921,1.242,54,"[-0.69506, 0.29861, 0.65401]","[0.4003, -0.59489, 0.69704]","[0.59721, 0.74628, 0.29395]","[45.32715, 32.002, 98.26604]"
2gp7_A,ER,90.17857142857143,83.81742738589212,1.354,33,"[-0.20403, -0.6934, 0.69106]","[0.59868, 0.47015, 0.64849]","[-0.77457, 0.54604, 0.3192]","[-10.49668, 21.2471, -6.67673]"
2gp7_B,ER,89.77777777777777,83.81742738589212,1.358,33,"[0.34969, -0.74738, -0.56492]","[-0.66694, 0.22488, -0.71036]","[0.65795, 0.62518, -0.41982]","[55.5726, 32.26142, 42.47952]"
2gp7_C,ER,90.17857142857143,83.81742738589212,1.353,33,"[-0.74915, -0.06285, -0.65941]","[0.56412, 0.46125, -0.68485]","[0.3472, -0.88504, -0.31009]","[-1.62528, 14.62584, 61.05219]"
2gp7_D,ER,90.17857142857143,83.81742738589212,1.357,33,"[-0.6021, 0.56241, 0.56672]","[0.07721, -0.66546, 0.74243]","[0.79468, 0.49077, 0.35725]","[22.61944, 73.7429, 8.39577]"
2gpo_A,ER,90.625,84.23236514522821,1.42,32,"[0.57199, -0.47737, 0.66705]","[0.37259, 0.87568, 0.30717]","[-0.73075, 0.07284, 0.67874]","[-6.85098, 12.71252, 28.94966]"
2gpp_A,ER,90.22222222222223,84.23236514522821,1.487,31,"[0.04557, -0.09196, 0.99472]","[0.99322, -0.10246, -0.05498]","[0.10698, 0.99048, 0.08666]","[-65.30091, 147.30622, -8.02718]"
2gpp_B,ER,90.625,84.23236514522821,1.385,32,"[-0.58192, -0.81181, 0.04832]","[-0.73548, 0.49999, -0.45725]","[0.34704, -0.30162, -0.88802]","[8.66639, 109.51905, -1.12237]"
2gpu_A,ER,94.14414414414415,86.72199170124482,1.344,34,"[0.57345, -0.47824, 0.66516]","[0.3755, 0.87505, 0.30542]","[-0.72812, 0.07463, 0.68138]","[25.22115, 44.45273, 28.88829]"
2gpv_A,ER,88.39285714285714,82.15767634854771,1.313,33,"[-0.31202, -0.38983, 0.86641]","[-0.35744, -0.79677, -0.48722]","[0.88027, -0.46172, 0.10927]","[69.30038, 11.41366, 48.26098]"
2gpv_B,ER,89.23766816143498,82.57261410788381,1.353,34,"[0.11705, 0.3989, -0.9095]","[-0.45965, 0.83356, 0.30643]","[0.88035, 0.38218, 0.28092]","[57.09295, -30.14785, 96.13902]"
2gpv_C,ER,88.78923766816143,82.15767634854771,1.31,33,"[0.1916, -0.09931, 0.97644]","[0.88261, -0.41771, -0.21568]","[0.42929, 0.90313, 0.00762]","[55.99839, 12.85117, 103.98257]"
2gpv_D,ER,94.73684210526315,82.15767634854771,1.281,33,"[-0.61733, 0.75973, 0.20424]","[0.7795, 0.62575, 0.02842]","[-0.10621, 0.17674, -0.97851]","[13.3286, -40.81846, 16.79565]"
2gpv_E,ER,95.67307692307693,82.57261410788381,1.315,34,"[-0.53158, -0.7105, -0.46109]","[0.66297, -0.68783, 0.29557]","[-0.52715, -0.14856, 0.83668]","[-2.59207, 27.20285, 101.96948]"
2gpv_F,ER,95.1923076923077,82.15767634854771,1.291,33,"[-0.79078, -0.58822, 0.1693]","[-0.61105, 0.74243, -0.2746]","[0.03583, -0.3206, -0.94654]","[113.48543, -46.2915, 97.34816]"
2gtk_A,AR,81.3953488372093,84.0,2.133,15,"[-0.02532, 0.16849, 0.98538]","[0.98457, 0.17495, -0.00462]","[-0.17317, 0.97005, -0.17032]","[-2.27173, 8.86434, -9.11948]"
2hbh_A,ER,81.17154811715481,80.49792531120332,1.804,23,"[-0.48876, -0.86199, -0.13446]","[0.54723, -0.42295, 0.72225]","[-0.67945, 0.27942, 0.67843]","[-13.70444, 60.32021, 45.03156]"
2hc4_A,ER,82.42677824267783,81.74273858921161,1.877,22,"[-0.48891, -0.86221, -0.13254]","[0.53861, -0.41788, 0.73162]","[-0.6862, 0.28631, 0.6687]","[-13.76364, 60.62898, 44.56311]"
2hcd_A,ER,82.42677824267783,81.74273858921161,1.86,22,"[-0.4936, -0.85915, -0.13497]","[0.53918, -0.42407, 0.72763]","[-0.68239, 0.28639, 0.67256]","[-13.56097, 60.47281, 44.8181]"
2hvc_A,AR,100.0,100.0,0.764,100,"[0.58293, -0.18079, 0.79216]","[0.79517, -0.07353, -0.60192]","[0.16706, 0.98077, 0.1009]","[-24.35734, 23.81673, -17.25641]"
2i0g_A,ER,95.92760180995475,87.96680497925311,1.191,55,"[0.07733, 0.75418, -0.6521]","[0.30564, -0.6405, -0.70452]","[-0.949, -0.14482, -0.28003]","[45.21057, 31.67316, 86.13147]"
2i0g_B,ER,95.04504504504504,87.55186721991701,1.126,55,"[0.61876, 0.44366, 0.64831]","[-0.70514, -0.05011, 0.70729]","[0.34628, -0.8948, 0.28184]","[99.45274, 0.14876, 30.89828]"
2i0j_A,ER,96.38009049773756,88.38174273858921,0.606,96,"[-0.47572, -0.56845, 0.67123]","[-0.87957, 0.31341, -0.35796]","[-0.00689, -0.76068, -0.64909]","[56.42943, -19.35235, -12.63234]"
2i0j_B,ER,97.79735682819384,92.11618257261411,0.578,97,"[0.47457, 0.49558, 0.72745]","[0.88014, -0.27829, -0.38459]","[0.01185, 0.82277, -0.56825]","[-17.12819, 20.17882, -10.70412]"
2i0j_C,ER,95.96412556053812,88.79668049792531,0.634,96,"[0.81854, 0.56844, -0.08285]","[0.12342, -0.31488, -0.94107]","[-0.56103, 0.76008, -0.3279]","[19.69657, 145.77088, 42.86261]"
2i0j_D,ER,98.66666666666667,92.11618257261411,0.573,97,"[0.39953, -0.49511, 0.77152]","[-0.7683, 0.27828, 0.57644]","[-0.50009, -0.82306, -0.26921]","[57.63174, 106.1994, -20.16557]"
2iog_A,ER,93.00411522633745,93.7759336099585,0.754,96,"[0.84095, 0.06345, 0.53738]","[0.12017, 0.9464, -0.2998]","[-0.5276, 0.3167, 0.78825]","[-0.58869, -8.47994, 42.78101]"
2iok_A,ER,98.6784140969163,92.9460580912863,0.874,97,"[0.75572, 0.34156, 0.55877]","[0.58366, -0.73826, -0.3381]","[0.29704, 0.58164, -0.75727]","[1.00249, 56.17048, 26.57215]"
2iok_B,ER,96.9298245614035,91.70124481327801,0.716,97,"[-0.5452, -0.14415, 0.82582]","[-0.70042, 0.61961, -0.35426]","[-0.46062, -0.77156, -0.43877]","[47.65256, -12.86812, 30.15447]"
2j7x_A,ER,93.42105263157895,88.38174273858921,1.284,55,"[-0.11699, -0.77065, -0.62642]","[-0.27893, 0.63086, -0.72402]","[0.95316, 0.09002, -0.28877]","[80.63758, 37.56776, 92.71103]"
2j7y_A,ER,93.36283185840708,87.55186721991701,1.269,56,"[-0.11575, -0.77391, -0.62262]","[-0.28087, 0.62675, -0.72684]","[0.95274, 0.09074, -0.28992]","[80.73794, 37.80106, 92.71639]"
2jf9_A,ER,98.13953488372093,87.55186721991701,0.784,97,"[-0.16807, -0.36683, 0.91498]","[0.83261, -0.54974, -0.06746]","[0.52775, 0.75048, 0.39782]","[72.46212, 71.94571, 11.69249]"
2jf9_B,ER,98.08612440191388,85.06224066390041,0.621,98,"[-0.88052, -0.33609, -0.33425]","[-0.26451, 0.93356, -0.24189]","[0.39334, -0.12458, -0.91092]","[117.50125, 1.84254, 7.13243]"
2jf9_C,ER,96.26168224299066,85.47717842323651,0.74,97,"[-0.58015, -0.46798, -0.66665]","[-0.63233, 0.77467, 0.00647]","[0.5134, 0.4253, -0.74534]","[81.12846, 58.32045, -6.98272]"
2jfa_A,ER,98.64253393665159,90.45643153526972,0.723,98,"[0.49647, -0.63995, -0.5865]","[-0.64751, -0.72302, 0.24079]","[-0.57815, 0.26022, -0.77333]","[-49.06441, 71.82969, -14.93454]"
2jfa_B,ER,95.96412556053812,88.79668049792531,0.736,97,"[0.79464, 0.14953, 0.58838]","[-0.0143, 0.97353, -0.22811]","[-0.60691, 0.17286, 0.77574]","[-75.62996, 0.24084, 18.612]"
2jj3_A,ER,94.61883408071749,87.55186721991701,1.206,54,"[0.08591, 0.75289, -0.65252]","[0.30858, -0.64284, -0.7011]","[-0.94731, -0.14112, -0.28755]","[45.41698, 32.12682, 85.91477]"
2jj3_B,ER,93.36283185840708,87.55186721991701,1.127,55,"[0.61488, 0.45025, 0.64745]","[-0.70795, -0.04659, 0.70473]","[0.34747, -0.89169, 0.29011]","[100.00713, 0.32405, 31.12514]"
