ID,best_fit,coverage (%query),coverage (%reference),rmsd,identity (%),Rx,Ry,Rz,T
1A52_A,ER,91.6,91.2,0.674,96,"[0.44633, -0.61799, -0.64721]","[-0.60327, 0.3264, -0.72769]","[0.66095, 0.71523, -0.22713]","[125.28531, 39.73057, 114.60825]"
1A52_B,ER,91.2,91.2,0.647,96,"[-0.28325, -0.7709, 0.57051]","[0.48629, 0.39728, 0.77826]","[-0.82661, 0.49788, 0.26235]","[65.73274, 34.76484, 55.96792]"
1E3G_A,AR,100.0,100.0,0.0,100,"[0.61658, -0.18797, 0.76453]","[0.77281, -0.0409, -0.63331]","[0.15031, 0.98132, 0.12005]","[-25.95394, 24.97676, -16.49929]"
1ERE_A,ER,91.5,89.6,0.724,96,"[0.12531, -0.67402, 0.72801]","[0.91032, 0.36989, 0.18577]","[-0.39449, 0.63944, 0.65992]","[-17.94066, 69.55263, 131.83996]"
1ERE_B,ER,91.5,89.6,0.724,96,"[-0.1208, -0.70616, -0.69767]","[-0.91354, 0.35407, -0.2002]","[0.3884, 0.61316, -0.68788]","[65.61237, 69.94633, 136.07208]"
1ERE_C,ER,91.5,89.6,0.721,96,"[0.79322, 0.1807, -0.58151]","[0.23852, -0.97085, 0.02368]","[-0.56027, -0.15749, -0.8132]","[-11.04561, 65.11928, 77.54434]"
1ERE_D,ER,91.5,89.6,0.725,96,"[0.33164, 0.59705, 0.73044]","[-0.82277, 0.56187, -0.0857]","[-0.46158, -0.57256, 0.67758]","[34.2763, -2.73265, 95.12969]"
1ERE_E,ER,91.5,89.6,0.724,96,"[-0.82339, 0.07659, 0.56228]","[-0.08241, -0.99649, 0.01507]","[0.56145, -0.03393, 0.82681]","[76.47593, 72.27523, 55.33956]"
1ERE_F,ER,91.5,89.6,0.724,96,"[-0.41966, 0.51673, -0.74624]","[0.71597, 0.69379, 0.07777]","[0.55792, -0.50165, -0.66111]","[43.05751, -2.57696, 39.41636]"
1ERR_A,ER,98.2,91.7,0.679,98,"[-0.00747, -0.99996, 0.00403]","[-0.99997, 0.00748, 0.00244]","[-0.00247, -0.00401, -0.99999]","[83.74545, 52.3767, 45.99815]"
1ERR_B,ER,96.4,89.2,0.642,98,"[0.51422, 0.02729, 0.85722]","[0.73509, 0.50087, -0.45691]","[-0.44183, 0.86509, 0.2375]","[7.09615, 39.62752, 76.48607]"
1FM6_A,ER,83.6,80.8,1.726,29,"[0.65922, -0.46931, 0.58752]","[-0.22367, -0.86834, -0.44267]","[0.71792, 0.16041, -0.67739]","[29.92301, 41.0086, -5.22326]"
1FM6_U,ER,83.6,80.8,1.714,29,"[-0.77192, 0.50419, 0.38721]","[0.37675, 0.85342, -0.36019]","[-0.51206, -0.13215, -0.84872]","[-12.95863, 8.55364, 16.88431]"
1FM9_A,ER,83.2,80.4,1.685,29,"[0.79115, -0.4494, -0.41487]","[-0.22957, 0.41053, -0.88248]","[0.5669, 0.79341, 0.22162]","[17.55492, 12.18983, 71.08096]"
1G50_A,ER,89.1,91.7,0.797,95,"[0.69245, -0.24437, -0.67882]","[-0.36417, -0.93062, -0.03647]","[-0.62281, 0.27246, -0.73339]","[81.9083, 41.40182, 17.60239]"
1G50_B,ER,89.4,91.7,0.812,96,"[0.24375, -0.67525, 0.69615]","[0.9253, 0.37695, 0.04166]","[-0.29054, 0.63399, 0.71668]","[10.57525, 54.00574, 53.16162]"
1G50_C,ER,89.8,91.2,0.802,95,"[-0.23686, -0.69883, -0.67493]","[-0.93746, 0.34679, -0.03009]","[0.25509, 0.62559, -0.73727]","[93.17724, 55.09784, 43.39175]"
1GS4_A,AR,100.0,97.6,0.547,99,"[0.58562, -0.18861, 0.78834]","[0.79219, -0.07287, -0.60591]","[0.17173, 0.97934, 0.10674]","[-24.64202, 25.04096, -16.99046]"
1GWQ_A,ER,89.7,90.8,0.74,96,"[-0.68743, -0.71665, -0.11766]","[0.48125, -0.32817, -0.81284]","[0.54391, -0.61539, 0.57048]","[25.15316, 8.10948, 59.85963]"
1GWQ_B,ER,89.7,90.4,0.693,97,"[-0.70325, 0.70565, -0.08658]","[0.22265, 0.33426, 0.9158]","[0.67518, 0.62476, -0.39218]","[37.14112, -7.98672, -20.95244]"
1GWR_A,ER,91.6,90.8,0.727,96,"[-0.4865, -0.55491, -0.67483]","[0.62477, 0.31896, -0.71269]","[0.61072, -0.76834, 0.19152]","[7.52519, -19.42562, 41.39789]"
1GWR_B,ER,91.2,90.8,0.665,97,"[-0.8482, 0.49801, 0.18041]","[0.04228, -0.27586, 0.96027]","[0.52799, 0.82213, 0.21292]","[30.96079, 20.27045, -28.39253]"
1H9U_A,ER,89.1,74.6,1.482,32,"[0.71926, -0.28261, 0.63466]","[-0.33693, 0.657, 0.67441]","[-0.60757, -0.69891, 0.37734]","[-64.29235, -74.00185, 102.43145]"
1H9U_B,ER,89.6,75.0,1.51,32,"[0.72084, 0.28726, -0.63077]","[-0.33429, -0.65313, -0.67947]","[-0.60716, 0.70065, -0.37477]","[-64.32484, -7.35583, 151.78622]"
1H9U_C,ER,89.1,74.6,1.482,32,"[0.62977, 0.29502, 0.71857]","[0.68058, -0.65547, -0.32736]","[0.37443, 0.69521, -0.61359]","[-44.04116, -7.52754, 81.69998]"
1H9U_D,ER,89.6,75.0,1.509,32,"[-0.63432, -0.29078, 0.7163]","[-0.67841, 0.65364, -0.33543]","[-0.37067, -0.69871, -0.61189]","[5.62809, -73.9434, 82.11191]"
1K4W_A,ER,80.3,81.7,1.874,17,"[-0.28434, 0.91341, -0.29128]","[-0.90389, -0.15413, 0.39904]","[0.31959, 0.37674, 0.86944]","[50.38481, 25.15797, 25.57258]"
1K74_A,ER,83.2,80.4,1.68,29,"[0.78723, -0.46421, -0.40593]","[-0.23221, 0.38666, -0.89251]","[0.57127, 0.79687, 0.19659]","[17.67861, 39.35442, 71.56666]"
1KV6_A,ER,90.5,83.8,1.373,33,"[-0.62391, 0.76496, -0.15992]","[0.41692, 0.15273, -0.89602]","[-0.661, -0.6257, -0.41421]","[-9.79776, 11.18312, 25.93847]"
1KV6_B,ER,90.5,83.8,1.335,33,"[0.32156, 0.52951, 0.78499]","[-0.29082, -0.73373, 0.61406]","[0.90112, -0.42575, -0.08194]","[34.08714, 49.45654, -33.00724]"
1L2I_A,ER,93.6,90.8,0.897,96,"[-0.94725, 0.29054, 0.13528]","[0.0863, -0.17528, 0.98073]","[0.30866, 0.94067, 0.14096]","[30.11925, 22.10295, -19.99711]"
1L2I_B,ER,93.5,90.0,0.984,95,"[-0.2834, -0.74095, -0.60884]","[0.55105, 0.39378, -0.73572]","[0.78488, -0.544, 0.2967]","[14.88347, -15.1021, 53.31927]"
1L2J_A,ER,95.3,92.1,1.409,53,"[0.52514, 0.21684, -0.82293]","[0.82597, 0.10299, 0.55422]","[0.20493, -0.97076, -0.12502]","[14.44698, 50.47714, -8.33799]"
1L2J_B,ER,96.0,89.2,1.404,54,"[-0.31793, -0.49431, -0.80906]","[-0.61582, -0.54117, 0.57263]","[-0.72089, 0.68029, -0.13235]","[8.58178, 105.89863, 29.9416]"
1M2Z_A,GR,100.0,100.0,0.0,100,"[1.0, -0.0, -0.0]","[0.0, 1.0, -0.0]","[0.0, -0.0, 1.0]","[-0.0, -0.0, 0.0]"
1M2Z_D,GR,99.6,98.8,0.519,99,"[0.40766, 0.9131, 0.0081]","[0.91295, -0.40774, 0.01623]","[0.01812, 0.00078, -0.99984]","[-0.30993, 0.16609, -0.59559]"
1MV9_A,ER,87.9,78.3,1.542,30,"[0.77669, -0.22954, 0.58657]","[0.42784, 0.8757, -0.22383]","[-0.46228, 0.4248, 0.77836]","[28.07831, 46.64083, 43.77711]"
1MVC_A,ER,88.7,78.3,1.544,30,"[0.22946, -0.7684, -0.59742]","[-0.87442, -0.43232, 0.2202]","[-0.42748, 0.47187, -0.77111]","[49.93182, 68.71283, 12.66927]"
1N4H_A,ER,80.3,81.7,1.865,17,"[-0.32183, 0.90032, -0.29299]","[-0.89758, -0.19165, 0.39702]","[0.30129, 0.39076, 0.86979]","[50.26012, 26.26903, 25.72882]"
1N83_A,AR,82.1,82.4,2.123,12,"[-0.45233, 0.24291, -0.85813]","[0.1028, 0.96998, 0.22038]","[0.8859, 0.01147, -0.46373]","[27.40794, 7.16983, 46.68934]"
1NDE_A,ER,96.5,92.9,1.227,56,"[0.70025, 0.2905, -0.65212]","[-0.38506, -0.6155, -0.68767]","[-0.60114, 0.73265, -0.31915]","[85.2094, 32.387, -93.33822]"
1NHZ_A,GR,90.8,85.1,0.764,98,"[0.70387, 0.63143, -0.32536]","[-0.00226, 0.46003, 0.8879]","[0.71032, -0.62423, 0.32523]","[-32.66379, -1.92445, 3.68162]"
1NQ7_A,ER,80.3,81.7,1.832,17,"[-0.31624, 0.9015, -0.29546]","[-0.9003, -0.187, 0.39304]","[0.29907, 0.3903, 0.87076]","[50.50868, 26.25511, 25.83382]"
1OVL_A,ER,81.4,76.7,1.761,23,"[0.49693, 0.04216, -0.86676]","[-0.43066, 0.87913, -0.20414]","[0.75339, 0.47472, 0.45502]","[18.06329, -7.99007, 12.37545]"
1OVL_B,ER,80.7,78.3,1.797,22,"[-0.37371, 0.28083, 0.88401]","[0.83213, 0.52253, 0.18578]","[-0.40975, 0.80504, -0.42896]","[-22.22103, 3.10657, -0.89091]"
1OVL_C,ER,83.9,77.9,1.957,22,"[-0.27405, 0.35497, 0.89381]","[0.93055, 0.33255, 0.15325]","[-0.24283, 0.87373, -0.42145]","[-21.00925, 51.86913, -33.60271]"
1OVL_D,ER,82.0,77.9,1.862,23,"[-0.25123, -0.41556, 0.87418]","[-0.58311, 0.78584, 0.20599]","[-0.77257, -0.45799, -0.43975]","[39.4177, 3.19378, 5.36155]"
1OVL_E,AR,82.2,81.2,1.921,16,"[-0.77105, -0.44449, 0.45596]","[-0.43409, 0.8908, 0.13431]","[-0.46587, -0.09437, -0.8798]","[79.93728, 32.66557, -16.31041]"
1OVL_F,ER,83.6,76.7,1.835,22,"[-0.19446, 0.4121, -0.89015]","[-0.70591, -0.68888, -0.16471]","[-0.68108, 0.59634, 0.42487]","[3.95681, 67.79129, 53.80382]"
1P8D_A,ER,84.2,84.2,1.975,19,"[0.31071, -0.68591, -0.65802]","[-0.88863, -0.45531, 0.055]","[-0.33733, 0.56765, -0.75099]","[61.83744, 31.44032, 83.33091]"
1P8D_B,ER,84.5,84.2,1.914,20,"[0.68225, -0.32149, 0.65664]","[0.47168, 0.87977, -0.05933]","[-0.55862, 0.3502, 0.75187]","[3.72771, -25.74652, 101.15035]"
1P93_A,GR,98.8,95.7,0.743,99,"[-0.4027, -0.91473, 0.03324]","[-0.91517, 0.40304, 0.00396]","[-0.01702, -0.02883, -0.99944]","[64.07228, 37.3591, 9.56032]"
1P93_B,GR,99.6,95.7,0.727,99,"[-0.52086, -0.85355, -0.01234]","[0.85363, -0.52088, -0.00204]","[-0.00468, -0.0116, 0.99992]","[64.09378, 37.32449, 26.6571]"
1P93_C,GR,99.6,96.5,0.718,98,"[-0.99865, 0.0474, 0.02111]","[-0.04571, -0.99617, 0.07459]","[0.02457, 0.07352, 0.99699]","[63.09178, 35.05809, 9.27871]"
1P93_D,GR,99.6,96.5,0.8,98,"[-0.99053, -0.13728, 0.00339]","[-0.13727, 0.98906, -0.054]","[0.00406, -0.05396, -0.99853]","[62.98285, 38.31483, -3.99601]"
1PCG_A,ER,91.8,88.8,0.835,95,"[0.01534, 0.81122, 0.58454]","[-0.54463, -0.4835, 0.68528]","[0.83853, -0.32887, 0.4344]","[54.51679, 26.42132, 0.67169]"
1PCG_B,ER,91.4,92.5,0.821,96,"[-0.47409, 0.48154, -0.73713]","[0.75685, -0.20491, -0.62063]","[-0.4499, -0.85213, -0.26731]","[-11.56551, 10.30937, 49.17338]"
1PZL_A,ER,84.1,79.6,1.767,24,"[-0.99326, -0.02006, 0.11412]","[-0.09042, -0.48165, -0.87169]","[0.07245, -0.87613, 0.47659]","[93.7681, 5.23618, 65.28242]"
1QKM_A,ER,92.6,88.8,1.19,55,"[-0.69497, 0.31243, 0.64762]","[0.39682, -0.58444, 0.70779]","[0.59962, 0.74888, 0.28219]","[44.98837, 31.27127, 97.44969]"
1QKT_A,ER,91.5,94.6,0.733,96,"[-0.84778, -0.05799, 0.52717]","[-0.12354, -0.94506, -0.30264]","[0.51576, -0.3217, 0.79404]","[29.60769, 59.05598, 181.08243]"
1QKU_A,ER,88.0,91.7,0.798,96,"[0.69301, -0.24407, -0.67836]","[-0.36294, -0.93113, -0.03577]","[-0.62291, 0.27099, -0.73386]","[81.90272, 41.36236, 17.56527]"
1QKU_B,ER,89.1,91.7,0.788,96,"[0.24361, -0.67782, 0.6937]","[0.92603, 0.37517, 0.04138]","[-0.2883, 0.63231, 0.71907]","[10.61468, 54.04522, 53.19838]"
1QKU_C,ER,88.7,91.2,0.78,95,"[-0.2398, -0.69746, -0.67531]","[-0.93675, 0.34889, -0.0277]","[0.25493, 0.62596, -0.73701]","[93.21148, 55.00116, 43.38431]"
1R5K_A,ER,94.9,93.3,0.75,96,"[-0.34344, -0.3046, -0.88841]","[-0.43481, -0.78689, 0.43788]","[-0.83246, 0.53667, 0.13781]","[-19.06011, 81.36968, 345.98637]"
1R5K_B,ER,94.9,92.9,0.657,96,"[0.95134, -0.05028, -0.30402]","[0.1109, 0.97636, 0.18555]","[0.2875, -0.21024, 0.93442]","[-31.9207, 0.83613, 363.51148]"
1R5K_C,ER,95.7,93.8,0.783,94,"[-0.39032, 0.73071, -0.56011]","[0.76558, 0.59552, 0.24341]","[0.51141, -0.3338, -0.79185]","[18.71109, 24.13795, 310.27153]"
1RDT_A,ER,88.6,77.9,1.6,30,"[-0.79166, 0.45812, -0.40422]","[0.22356, -0.39851, -0.8895]","[-0.56859, -0.79455, 0.21306]","[5.75261, 14.47468, 71.1878]"
1RDT_D,GR,81.0,80.4,1.922,20,"[0.02834, -0.75324, 0.65714]","[0.99364, -0.05045, -0.10068]","[0.10899, 0.65581, 0.74702]","[0.42018, 47.9816, -16.34418]"
1S0X_A,GR,80.1,78.8,2.083,13,"[-0.46155, 0.24332, -0.85309]","[0.10703, 0.9699, 0.21873]","[0.88064, 0.00965, -0.4737]","[27.66734, 7.2633, 46.56093]"
1SJ0_A,ER,92.6,93.8,0.781,96,"[0.84103, 0.05562, 0.53812]","[0.1272, 0.94649, -0.29663]","[-0.52582, 0.31792, 0.78895]","[-0.58233, -8.38524, 42.70113]"
1SKX_A,AR,82.2,79.6,2.066,17,"[-0.32867, -0.61669, 0.71531]","[0.69964, -0.66774, -0.25422]","[0.63442, 0.4169, 0.65093]","[5.4148, 95.04611, -29.31216]"
1T5Z_A,AR,99.6,99.6,0.737,100,"[0.62749, -0.19512, 0.75378]","[0.75792, -0.06872, -0.64872]","[0.17838, 0.97837, 0.10476]","[-26.69592, 58.39539, -16.64229]"
1T63_A,AR,99.6,99.6,0.669,100,"[0.62224, -0.20015, 0.7568]","[0.76546, -0.04692, -0.64177]","[0.16396, 0.97864, 0.12401]","[-53.56491, 25.74777, -16.55348]"
1T65_A,AR,98.4,98.8,0.652,100,"[-0.62602, 0.19871, 0.75407]","[-0.75991, 0.06162, -0.64711]","[-0.17505, -0.97812, 0.11242]","[54.29646, 8.12773, -16.50129]"
1TFC_A,ER,88.9,83.8,1.357,33,"[-0.62061, 0.76976, -0.14938]","[0.41607, 0.16181, -0.89482]","[-0.66462, -0.61749, -0.42069]","[-9.61894, 11.14377, 25.74884]"
1TFC_B,ER,90.2,84.6,1.426,32,"[0.32981, 0.52903, 0.78189]","[-0.28107, -0.73565, 0.6163]","[0.90123, -0.42303, -0.09393]","[34.01775, 49.90049, -33.07658]"
1U3Q_A,ER,92.5,87.1,1.042,55,"[-0.63758, -0.31865, -0.70139]","[0.36393, 0.67787, -0.63879]","[0.67901, -0.66254, -0.31623]","[40.54098, -25.81178, 29.70051]"
1U3Q_B,ER,93.4,88.3,1.338,54,"[-0.50276, 0.34506, -0.79257]","[-0.73398, -0.65474, 0.18054]","[-0.45663, 0.6725, 0.58244]","[19.85108, 58.58011, 47.5227]"
1U3Q_C,ER,92.9,87.5,1.128,55,"[-0.73727, 0.22878, 0.63568]","[0.37776, -0.64049, 0.66863]","[0.56012, 0.7331, 0.38579]","[39.12325, 40.9339, -19.48037]"
1U3Q_D,ER,92.5,87.1,1.196,55,"[0.75335, -0.34385, -0.56056]","[0.61068, 0.68205, 0.40234]","[0.24399, -0.64543, 0.7238]","[-29.63555, -7.04262, 39.49657]"
1U3R_A,ER,90.9,87.5,1.259,54,"[0.70843, 0.5023, -0.4958]","[-0.44619, -0.22555, -0.86605]","[-0.54684, 0.83476, 0.06433]","[9.07384, 52.11889, 63.50352]"
1U3R_B,ER,92.5,87.5,1.144,55,"[0.62547, -0.69988, 0.34491]","[-0.20459, 0.27947, 0.9381]","[-0.75295, -0.65732, 0.03161]","[-2.69098, 20.16394, -11.24469]"
1U3S_A,ER,93.8,88.8,1.35,55,"[0.70887, 0.50645, -0.49093]","[-0.44773, -0.21472, -0.86801]","[-0.54501, 0.83511, 0.07454]","[9.19364, 52.03813, 63.75597]"
1U3S_B,ER,92.4,85.8,1.026,56,"[0.62989, -0.69026, 0.35605]","[-0.21137, 0.28878, 0.93377]","[-0.74737, -0.66343, 0.036]","[-2.2801, 19.8885, -11.17342]"
1U9E_A,ER,91.9,85.4,1.16,56,"[0.7013, 0.51504, -0.49286]","[-0.45253, -0.21256, -0.86604]","[-0.55081, 0.83039, 0.084]","[9.18107, 51.76375, 63.9252]"
1U9E_B,ER,90.8,86.2,1.027,56,"[0.62532, -0.69767, 0.3496]","[-0.20772, 0.28303, 0.93635]","[-0.75221, -0.65814, 0.03206]","[-2.64936, 20.05137, -11.19968]"
1UHL_A,ER,89.7,80.0,1.704,30,"[0.65437, -0.18587, 0.73298]","[0.7457, 0.31943, -0.58472]","[-0.12546, 0.9292, 0.34762]","[18.20987, 13.58823, 35.05354]"
1UHL_B,AR,92.2,80.8,1.921,20,"[-0.71627, 0.69671, 0.03949]","[-0.2691, -0.22356, -0.93681]","[-0.64385, -0.68163, 0.34761]","[108.04722, -16.80314, 17.93611]"
1UOM_A,ER,96.1,92.5,0.658,96,"[-0.84686, -0.06455, 0.52788]","[-0.11463, -0.94712, -0.29972]","[0.51931, -0.31433, 0.79468]","[29.48622, 58.86799, 42.9767]"
1X76_A,ER,93.3,87.5,1.278,55,"[0.70505, 0.51301, -0.48961]","[-0.45084, -0.20868, -0.86787]","[-0.5474, 0.83263, 0.08415]","[9.24075, 51.8148, 64.05932]"
1X76_B,ER,92.9,87.1,1.081,55,"[0.62838, -0.69533, 0.34879]","[-0.20556, 0.284, 0.93653]","[-0.75025, -0.66019, 0.03553]","[-2.62776, 19.9536, -11.13515]"
1X78_A,ER,92.1,87.5,1.292,56,"[0.70625, 0.51144, -0.48954]","[-0.44935, -0.21051, -0.8682]","[-0.54708, 0.83314, 0.08115]","[8.97744, 51.57165, 63.93343]"
1X78_B,ER,91.7,87.1,1.111,55,"[0.62535, -0.69752, 0.34985]","[-0.20358, 0.28698, 0.93606]","[-0.75332, -0.65659, 0.03746]","[-2.89817, 19.83033, -11.09586]"
1X7B_A,ER,91.7,87.1,1.23,56,"[0.70164, 0.52167, -0.48535]","[-0.44724, -0.20783, -0.86993]","[-0.55468, 0.82745, 0.08749]","[9.04236, 51.63521, 64.22394]"
1X7B_B,ER,93.3,87.5,1.139,55,"[0.62509, -0.70114, 0.34303]","[-0.20286, 0.27843, 0.93879]","[-0.75373, -0.65641, 0.03181]","[-2.82562, 20.14991, -11.2148]"
1X7E_A,ER,91.6,90.8,0.803,95,"[-0.46308, -0.27807, 0.84157]","[-0.88629, 0.15249, -0.43731]","[-0.00673, -0.94838, -0.31706]","[49.15281, -2.86181, 6.1172]"
1X7E_B,ER,91.6,90.8,0.837,95,"[0.47156, 0.76078, 0.44593]","[0.88184, -0.40688, -0.23836]","[0.0001, 0.50564, -0.86275]","[-24.69865, 33.3084, -6.95739]"
1X7J_A,ER,93.8,87.9,1.346,55,"[0.71095, 0.51455, -0.47936]","[-0.4443, -0.19973, -0.87333]","[-0.54511, 0.83387, 0.08662]","[9.07358, 51.49964, 64.44892]"
1X7J_B,ER,93.3,87.5,1.116,55,"[0.61921, -0.70763, 0.34034]","[-0.19695, 0.27961, 0.9397]","[-0.76012, -0.6489, 0.03377]","[-3.07209, 20.24358, -11.03196]"
1X7R_A,ER,92.3,90.4,0.734,96,"[0.12133, 0.71546, 0.68804]","[0.91182, 0.19359, -0.3621]","[-0.39226, 0.6713, -0.62888]","[-11.27292, 32.75428, -1.21004]"
1XB7_A,ER,88.8,79.6,1.437,31,"[-0.94435, 0.29316, 0.14917]","[-0.29872, -0.57452, -0.76203]","[-0.13769, -0.76419, 0.63013]","[-6.50502, 47.4227, 54.58945]"
1XIU_A,ER,84.2,77.5,1.506,28,"[0.80164, 0.3276, -0.50006]","[-0.57931, 0.63218, -0.51454]","[0.14756, 0.70216, 0.69656]","[32.52608, 40.33105, 125.76903]"
1XIU_B,ER,85.7,80.0,1.661,28,"[0.15822, -0.90501, -0.39488]","[0.15031, -0.37318, 0.9155]","[-0.97589, -0.20421, 0.07699]","[-7.08566, 74.10737, 61.5549]"
1XJ7_A,AR,97.3,99.6,0.656,100,"[-0.61121, 0.20398, 0.76473]","[-0.77402, 0.04772, -0.63137]","[-0.16528, -0.97781, 0.12871]","[79.12924, 40.92297, -16.70711]"
1XOW_A,AR,99.6,96.8,0.434,100,"[-0.61988, 0.20237, 0.75816]","[-0.7667, 0.04955, -0.64009]","[-0.1671, -0.97805, 0.12444]","[53.58183, 7.78028, -16.5832]"
1XP1_A,ER,92.7,94.6,0.823,96,"[0.84216, 0.0537, 0.53655]","[0.12964, 0.94568, -0.29813]","[-0.52342, 0.32064, 0.78945]","[-0.5773, -8.25683, 42.83286]"
1XP6_A,ER,92.2,94.2,0.785,96,"[0.84285, 0.05544, 0.53529]","[0.12635, 0.94649, -0.29698]","[-0.52311, 0.31795, 0.79074]","[-0.50584, -8.35159, 42.81993]"
1XP9_A,ER,92.2,94.2,0.791,96,"[0.84203, 0.05279, 0.53685]","[0.12969, 0.9462, -0.29646]","[-0.52362, 0.31925, 0.78988]","[-0.5032, -8.33394, 42.71778]"
1XPC_A,ER,92.7,94.6,0.819,96,"[0.84093, 0.05442, 0.5384]","[0.12958, 0.94573, -0.29799]","[-0.5254, 0.32035, 0.78824]","[-0.43637, -8.34405, 42.83164]"
1XQ3_A,AR,99.6,96.8,0.467,100,"[-0.59332, 0.19144, 0.78187]","[-0.78569, 0.07356, -0.61423]","[-0.1751, -0.97874, 0.10677]","[53.29854, 7.78726, -16.82246]"
1XQC_A,ER,96.4,90.0,0.632,98,"[-0.8411, -0.27858, -0.46362]","[0.44256, 0.13832, -0.88601]","[0.31095, -0.9504, 0.00694]","[30.98836, -20.81305, 58.45024]"
1XQC_B,ER,97.3,89.6,0.615,98,"[-0.48594, 0.73942, 0.46596]","[0.23831, -0.40084, 0.88461]","[0.84088, 0.54091, 0.01857]","[44.4842, 15.55416, -15.50588]"
1XQC_C,ER,96.9,90.4,0.604,97,"[-0.85772, 0.26387, 0.44124]","[0.42162, -0.13009, 0.89739]","[0.29419, 0.95575, 0.00033]","[3.62621, 61.2425, -5.91711]"
1XQC_D,ER,96.8,89.2,0.76,98,"[-0.44849, -0.75652, -0.47595]","[0.23922, 0.41148, -0.87946]","[0.86118, -0.50829, -0.00357]","[16.33108, 25.41302, 68.36724]"
1XV9_A,ER,82.8,80.0,1.641,29,"[0.61809, 0.68439, -0.38676]","[-0.1983, 0.61182, 0.76573]","[0.76069, -0.39659, 0.51388]","[49.62895, 4.74752, 67.62271]"
1XV9_B,ER,81.3,83.3,2.037,20,"[-0.70188, 0.04477, -0.71088]","[0.20521, -0.943, -0.262]","[-0.68209, -0.32977, 0.65269]","[23.75279, 70.96047, 109.29522]"
1XV9_C,ER,82.8,80.0,1.636,29,"[-0.30038, -0.92449, 0.23472]","[-0.63806, 0.01184, -0.76989]","[0.70898, -0.38103, -0.59344]","[87.60997, 64.22927, 40.70446]"
1XV9_D,ER,81.3,83.3,2.058,20,"[-0.37164, 0.45042, 0.81179]","[0.92703, 0.22713, 0.29838]","[-0.04998, 0.86344, -0.50197]","[16.6052, 62.46362, -1.39761]"
1XVP_A,ER,82.8,80.0,1.619,29,"[0.61904, 0.69375, -0.3681]","[-0.21534, 0.60068, 0.76994]","[0.75526, -0.39736, 0.52124]","[50.13689, 4.07007, 66.46672]"
1XVP_B,ER,81.3,83.3,2.034,20,"[-0.69188, 0.04569, -0.72056]","[0.21375, -0.9403, -0.26486]","[-0.68964, -0.33727, 0.64081]","[23.31383, 69.78091, 108.56006]"
1XVP_C,ER,80.9,79.6,1.635,29,"[-0.30358, -0.92814, 0.21541]","[-0.63371, 0.02786, -0.77307]","[0.71151, -0.3712, -0.59662]","[88.12021, 63.86493, 40.59133]"
1XVP_D,ER,81.7,83.8,2.079,19,"[-0.37042, 0.43433, 0.82106]","[0.92777, 0.21596, 0.30432]","[-0.04514, 0.87448, -0.48295]","[17.27006, 63.22821, -1.71713]"
1YIM_A,ER,92.2,94.2,0.813,96,"[0.84079, 0.05512, 0.53855]","[0.12778, 0.94649, -0.29636]","[-0.52606, 0.31799, 0.78876]","[-0.47117, -8.44132, 42.70307]"
1YIN_A,ER,92.9,93.3,0.79,97,"[0.84083, 0.05546, 0.53846]","[0.12351, 0.94884, -0.29059]","[-0.52703, 0.31085, 0.79096]","[-0.21346, -8.66123, 42.64198]"
1YOK_A,ER,83.1,81.7,1.908,23,"[0.56857, -0.78091, -0.25867]","[0.0961, 0.37534, -0.92189]","[0.817, 0.4993, 0.28846]","[34.81094, 41.60848, 58.93261]"
1YUC_A,ER,81.7,81.7,1.8,23,"[-0.55726, 0.22754, -0.79855]","[-0.22164, 0.88606, 0.40714]","[0.80021, 0.40388, -0.44333]","[92.40143, 2.61865, 14.70429]"
1YUC_B,ER,81.7,81.7,1.746,23,"[0.89874, -0.39134, 0.19777]","[-0.39943, -0.54463, 0.73745]","[-0.18088, -0.74178, -0.64579]","[21.24422, -17.00752, -18.72196]"
1YY4_A,ER,92.4,86.7,1.204,56,"[0.70516, 0.51447, -0.48793]","[-0.45064, -0.20611, -0.86859]","[-0.54742, 0.83237, 0.0865]","[9.10722, 51.59679, 64.15231]"
1YY4_B,ER,92.4,86.7,1.065,55,"[0.62523, -0.6985, 0.3481]","[-0.20385, 0.28438, 0.93679]","[-0.75334, -0.65667, 0.03542]","[-2.76517, 19.94135, -11.0507]"
1YYE_A,ER,92.5,87.9,1.368,55,"[0.70917, 0.52006, -0.47604]","[-0.44046, -0.20042, -0.87511]","[-0.55052, 0.83028, 0.08694]","[8.97044, 51.78261, 64.58936]"
1YYE_B,ER,93.3,87.1,1.103,56,"[0.61651, -0.71527, 0.32909]","[-0.1842, 0.27535, 0.94353]","[-0.76549, -0.64232, 0.038]","[-3.46186, 20.93453, -10.94773]"
1Z95_A,AR,100.0,95.2,0.526,100,"[-0.58866, 0.20005, 0.78323]","[-0.78785, 0.075, -0.61129]","[-0.18104, -0.97691, 0.11346]","[53.0617, 7.64632, -17.11781]"
1ZAF_A,ER,92.5,87.9,1.296,55,"[0.70426, 0.50161, -0.5024]","[-0.45721, -0.22092, -0.86148]","[-0.54312, 0.83641, 0.07376]","[9.56368, 52.52748, 63.44304]"
1ZAF_B,ER,93.0,88.3,1.184,55,"[0.63039, -0.69154, 0.35269]","[-0.21, 0.28548, 0.93509]","[-0.74734, -0.66354, 0.03474]","[-2.38881, 20.35967, -11.31893]"
1ZDT_A,ER,84.1,81.7,1.858,24,"[-0.9927, 0.02471, 0.11801]","[-0.04066, 0.85284, -0.52059]","[-0.11351, -0.52159, -0.84561]","[13.66894, -14.87963, 67.50752]"
1ZDT_B,ER,82.8,82.5,1.9,24,"[0.1345, -0.57313, -0.80835]","[0.05423, -0.81028, 0.58353]","[-0.98943, -0.12232, -0.07791]","[-12.34943, -6.18213, 91.12796]"
1ZDU_A,ER,84.1,81.7,1.864,23,"[-0.57292, -0.78351, 0.24057]","[-0.1275, 0.37515, 0.91815]","[-0.80963, 0.49536, -0.31483]","[-3.63845, 41.04134, -19.63381]"
1ZKY_A,ER,91.9,90.4,1.041,96,"[-0.82871, 0.51911, 0.20918]","[0.06423, -0.28306, 0.95695]","[0.55598, 0.80647, 0.20124]","[5.14707, 20.0477, -19.90781]"
1ZKY_B,ER,90.1,90.8,1.068,94,"[-0.49147, -0.56318, -0.6643]","[0.62211, 0.30676, -0.72033]","[0.60946, -0.76728, 0.1996]","[-17.60478, -19.16758, 50.15325]"
2A3I_A,GR,96.8,96.1,1.12,57,"[-0.24439, -0.09683, -0.96483]","[-0.79482, -0.54996, 0.25652]","[-0.55545, 0.82956, 0.05744]","[42.43511, 70.83782, 42.52144]"
2AM9_A,AR,98.8,98.8,0.495,100,"[-0.61858, 0.18927, 0.76258]","[-0.76961, 0.04956, -0.63658]","[-0.15828, -0.98067, 0.11501]","[52.97787, 8.22979, -16.40894]"
2AMA_A,AR,99.6,96.8,0.458,100,"[-0.6142, 0.19615, 0.76439]","[-0.77199, 0.05159, -0.63354]","[-0.1637, -0.97922, 0.11974]","[53.52312, 7.87858, -16.73938]"
2AMB_A,AR,99.6,98.0,0.473,100,"[-0.6202, 0.18788, 0.76161]","[-0.76933, 0.04398, -0.63734]","[-0.15324, -0.98121, 0.11727]","[53.16387, 8.31751, -16.40712]"
2AO6_A,AR,100.0,96.8,0.448,100,"[-0.62447, 0.19865, 0.75536]","[-0.76399, 0.04565, -0.64361]","[-0.16234, -0.97901, 0.12326]","[53.66882, 8.19689, -16.65575]"
2AX6_A,AR,100.0,96.8,0.538,100,"[-0.62442, 0.19518, 0.75631]","[-0.764, 0.04882, -0.64336]","[-0.16249, -0.97955, 0.11864]","[53.71081, 8.27452, -16.54832]"
2AX7_A,AR,100.0,95.2,0.53,100,"[-0.62185, 0.19052, 0.75961]","[-0.7657, 0.05565, -0.64079]","[-0.16435, -0.98011, 0.11127]","[53.68957, 8.46073, -16.82992]"
2AX8_A,AR,100.0,95.2,0.532,100,"[-0.62661, 0.1929, 0.75508]","[-0.76141, 0.05504, -0.64593]","[-0.16616, -0.97967, 0.11239]","[53.96647, 8.32565, -16.61169]"
2AX9_A,AR,100.0,95.2,0.526,100,"[-0.62768, 0.19375, 0.75398]","[-0.76114, 0.05051, -0.64662]","[-0.16337, -0.97975, 0.11577]","[54.06368, 8.35761, -16.55244]"
2AXA_A,AR,100.0,95.2,0.549,100,"[-0.62163, 0.1906, 0.75977]","[-0.7663, 0.05308, -0.64029]","[-0.16236, -0.98023, 0.11307]","[53.63456, 8.46304, -16.88898]"
2AYR_A,ER,92.3,94.6,0.727,96,"[0.8464, 0.05649, 0.52954]","[0.12488, 0.94558, -0.30047]","[-0.5177, 0.32044, 0.79329]","[-0.37245, -8.22358, 42.94025]"
2B1V_A,ER,92.7,90.0,1.014,94,"[-0.8297, 0.51682, 0.21093]","[0.06736, -0.2824, 0.95693]","[0.55413, 0.80818, 0.19949]","[33.17902, 19.93138, -20.0842]"
2B1V_B,ER,90.5,90.8,1.062,94,"[-0.49049, -0.5602, -0.66753]","[0.62435, 0.30848, -0.71765]","[0.60795, -0.76878, 0.19845]","[10.40711, -19.39042, 49.95193]"
2B1Z_A,ER,92.7,89.6,0.977,94,"[-0.8305, 0.51902, 0.20223]","[0.05757, -0.28113, 0.95794]","[0.55404, 0.80721, 0.20359]","[33.21265, 19.7327, -20.15535]"
2B1Z_B,ER,92.3,90.4,1.021,94,"[-0.49375, -0.56402, -0.66189]","[0.62322, 0.30131, -0.72167]","[0.60647, -0.76883, 0.20274]","[10.20684, -19.2498, 49.99499]"
2B23_A,ER,92.9,87.5,0.911,96,"[0.28389, -0.74657, 0.6017]","[-0.5467, 0.3895, 0.74122]","[-0.78773, -0.53937, -0.29757]","[-24.9112, -13.50218, -25.50564]"
2B23_B,ER,93.5,89.6,1.061,95,"[0.94027, 0.30687, -0.14741]","[-0.09876, -0.1685, -0.98074]","[-0.32579, 0.93672, -0.12813]","[-39.38723, 22.77994, 48.0932]"
2BJ4_A,ER,98.2,89.2,0.568,99,"[0.29841, -0.74275, -0.59939]","[-0.73698, 0.21974, -0.6392]","[0.60647, 0.63248, -0.48182]","[43.39911, 63.84795, 38.34734]"
2BJ4_B,ER,93.7,86.2,0.609,99,"[-0.18177, -0.64999, 0.73788]","[0.62904, 0.49991, 0.59532]","[-0.75583, 0.57237, 0.318]","[-26.2068, 51.85249, -5.98681]"
2E2R_A,ER,89.0,84.2,1.415,33,"[-0.47579, 0.583, -0.65859]","[0.87639, 0.37773, -0.29876]","[0.07459, -0.71933, -0.69065]","[-19.86941, -38.56354, -29.0276]"
2EWP_A,ER,95.1,88.8,1.447,35,"[-0.21823, -0.6293, 0.74589]","[-0.09516, -0.74695, -0.65803]","[0.97125, -0.21458, 0.10313]","[52.71046, 17.66164, 29.38423]"
2EWP_B,ER,96.4,90.0,1.556,35,"[-0.8136, 0.49476, 0.3054]","[0.55635, 0.81506, 0.16171]","[-0.16892, 0.30147, -0.93839]","[14.83021, -41.80966, -14.38336]"
2EWP_C,ER,94.6,87.9,1.408,36,"[-0.82801, -0.40016, -0.39278]","[-0.27013, 0.89853, -0.34594]","[0.49136, -0.18033, -0.85208]","[70.02559, -3.85642, 55.30008]"
2EWP_D,ER,93.7,86.2,1.275,34,"[-0.33782, -0.33558, 0.87935]","[0.84329, -0.52286, 0.12443]","[0.41802, 0.78358, 0.45963]","[23.31308, 64.26501, 48.11396]"
2EWP_E,ER,94.4,84.2,1.201,35,"[0.52961, 0.72814, -0.43511]","[0.8404, -0.38082, 0.38562]","[0.11509, -0.56989, -0.81362]","[-4.38746, -32.49391, 65.49427]"
2FAI_A,ER,92.7,90.0,0.967,95,"[-0.95656, 0.26116, 0.12959]","[0.09315, -0.14741, 0.98468]","[0.27626, 0.95397, 0.11668]","[29.64504, 22.857, -20.52844]"
2FAI_B,ER,90.5,91.2,1.036,95,"[-0.2726, -0.7565, -0.59447]","[0.53481, 0.39448, -0.74724]","[0.7998, -0.52162, 0.29705]","[16.09715, -13.42624, 53.43786]"
2FSZ_A,ER,90.1,83.8,1.015,57,"[-0.04685, -0.99688, 0.06345]","[-0.43657, 0.07756, 0.89632]","[-0.89845, 0.01429, -0.43885]","[77.27557, 38.16879, -31.54446]"
2FSZ_B,ER,89.4,84.6,1.028,57,"[0.99716, 0.00321, -0.07531]","[-0.06939, 0.42925, -0.90051]","[0.02943, 0.90318, 0.42826]","[69.01128, 30.42533, 50.47952]"
2FVJ_A,AR,81.0,83.6,2.084,15,"[-0.03389, 0.2041, 0.97836]","[0.98482, 0.17357, -0.0021]","[-0.17024, 0.96344, -0.20689]","[-2.25755, 6.50545, -9.14709]"
2G44_A,ER,92.7,90.4,0.971,94,"[-0.94548, 0.29586, 0.13613]","[0.08888, -0.16773, 0.98182]","[0.31331, 0.94039, 0.13229]","[3.01613, 22.74673, -20.16705]"
2G44_B,ER,91.5,89.2,0.945,94,"[-0.28855, -0.73507, -0.61353]","[0.56002, 0.39018, -0.73085]","[0.77661, -0.55447, 0.29907]","[-12.4566, -14.36518, 53.10769]"
2G5O_A,ER,92.3,90.4,0.972,94,"[-0.83207, 0.51509, 0.20578]","[0.06227, -0.2819, 0.95742]","[0.55116, 0.80946, 0.20248]","[4.89751, 19.93606, -20.24671]"
2G5O_B,ER,91.9,90.4,0.995,94,"[-0.49016, -0.56843, -0.66078]","[0.62224, 0.30268, -0.72195]","[0.61038, -0.76503, 0.20534]","[-17.97232, -19.08762, 50.10464]"
2GIU_A,ER,94.7,88.8,1.241,54,"[-0.69648, 0.29749, 0.65301]","[0.4001, -0.59444, 0.69754]","[0.59568, 0.74709, 0.29499]","[45.30962, 32.00044, 98.27227]"
2GP7_A,ER,89.7,83.8,1.344,33,"[-0.20328, -0.69266, 0.69203]","[0.59893, 0.47116, 0.64753]","[-0.77457, 0.54611, 0.31908]","[-10.50561, 21.22002, -6.65565]"
2GP7_B,ER,89.3,83.8,1.348,33,"[0.34889, -0.74705, -0.56586]","[-0.66737, 0.22585, -0.70965]","[0.65795, 0.62522, -0.41976]","[55.58651, 32.23514, 42.46354]"
2GP7_C,ER,89.7,83.8,1.343,33,"[-0.74829, -0.06231, -0.66043]","[0.56521, 0.4613, -0.68392]","[0.34727, -0.88506, -0.30997]","[-1.65479, 14.6226, 61.0322]"
2GP7_D,ER,89.7,83.8,1.347,33,"[-0.60195, 0.56159, 0.56769]","[0.078, -0.66617, 0.74171]","[0.79471, 0.49076, 0.35719]","[22.59847, 73.76401, 8.41177]"
2GPO_A,ER,90.2,84.2,1.409,33,"[0.57245, -0.47618, 0.6675]","[0.3718, 0.87633, 0.30629]","[-0.7308, 0.07284, 0.67869]","[-6.83179, 12.69215, 28.97176]"
2GPP_A,ER,89.3,83.8,1.444,31,"[0.04496, -0.09351, 0.9946]","[0.99279, -0.10657, -0.0549]","[0.11113, 0.9899, 0.08804]","[-65.14523, 147.40752, -7.98862]"
2GPP_B,ER,90.2,84.2,1.376,33,"[-0.58284, -0.81118, 0.0477]","[-0.73473, 0.50101, -0.45734]","[0.34708, -0.3016, -0.88801]","[8.64959, 109.49097, -1.11893]"
2GPU_A,ER,93.7,86.7,1.333,35,"[0.57382, -0.47706, 0.66569]","[0.37476, 0.87569, 0.30452]","[-0.72821, 0.07473, 0.68127]","[25.23803, 44.43448, 28.90984]"
2GPV_A,ER,87.9,82.1,1.3,34,"[-0.31242, -0.39117, 0.86567]","[-0.35685, -0.79621, -0.48857]","[0.88037, -0.46155, 0.10916]","[69.28802, 11.40501, 48.29544]"
2GPV_B,ER,88.3,82.1,1.295,34,"[0.11461, 0.40378, -0.90765]","[-0.46924, 0.82732, 0.3088]","[0.8756, 0.39052, 0.28429]","[57.22691, -29.80552, 96.1793]"
2GPV_C,ER,88.3,82.1,1.295,34,"[0.19625, -0.0999, 0.97545]","[0.88089, -0.41902, -0.22014]","[0.43072, 0.90247, 0.00577]","[56.0427, 12.86683, 104.04648]"
2GPV_D,ER,94.3,82.1,1.269,34,"[-0.61617, 0.76072, 0.20408]","[0.78043, 0.62462, 0.02801]","[-0.10617, 0.17653, -0.97855]","[13.3024, -40.79491, 16.8056]"
2GPV_E,ER,94.7,82.1,1.261,34,"[-0.52952, -0.71369, -0.45854]","[0.67067, -0.6832, 0.28887]","[-0.51943, -0.15456, 0.84042]","[-2.58934, 26.94263, 102.21347]"
2GPV_F,ER,94.7,82.1,1.279,34,"[-0.79105, -0.58787, 0.16926]","[-0.61073, 0.74297, -0.27387]","[0.03524, -0.32002, -0.94676]","[113.46165, -46.27993, 97.31453]"
2GTK_A,AR,81.4,84.0,2.133,15,"[-0.02532, 0.16849, 0.98538]","[0.98457, 0.17495, -0.00462]","[-0.17317, 0.97005, -0.17032]","[-2.27173, 8.86434, -9.11948]"
2HBH_A,ER,81.2,80.8,1.816,23,"[-0.48785, -0.86236, -0.1354]","[0.54673, -0.42277, 0.72273]","[-0.6805, 0.27856, 0.67773]","[-13.71436, 60.29629, 45.00538]"
2HC4_A,ER,82.4,82.1,1.881,23,"[-0.49127, -0.86138, -0.12914]","[0.54221, -0.41848, 0.72862]","[-0.68166, 0.28793, 0.67263]","[-13.72896, 60.67818, 44.69077]"
2HCD_A,ER,82.4,82.1,1.87,23,"[-0.49155, -0.85989, -0.13775]","[0.53878, -0.42456, 0.72765]","[-0.68418, 0.28346, 0.67198]","[-13.61365, 60.40433, 44.82359]"
2HVC_A,AR,100.0,100.0,0.764,100,"[0.58293, -0.18079, 0.79216]","[0.79517, -0.07353, -0.60192]","[0.16706, 0.98077, 0.1009]","[-24.35734, 23.81673, -17.25641]"
2I0G_A,ER,95.5,87.9,1.189,55,"[0.07689, 0.75394, -0.65243]","[0.30576, -0.64066, -0.70431]","[-0.949, -0.14533, -0.27979]","[45.2071, 31.66209, 86.13265]"
2I0G_B,ER,94.6,87.5,1.123,55,"[0.6188, 0.44315, 0.64862]","[-0.70533, -0.05006, 0.70711]","[0.34582, -0.89505, 0.28159]","[99.44404, 0.1396, 30.89657]"
2I0J_A,ER,95.9,88.3,0.596,97,"[-0.47596, -0.5689, 0.67068]","[-0.87944, 0.31368, -0.35804]","[-0.00669, -0.76023, -0.64961]","[56.43056, -19.34873, -12.64387]"
2I0J_B,ER,97.4,92.1,0.567,98,"[0.47483, 0.49606, 0.72695]","[0.88, -0.27859, -0.38469]","[0.01169, 0.82238, -0.56882]","[-17.12838, 20.17724, -10.71665]"
2I0J_C,ER,95.5,88.8,0.625,97,"[0.81818, 0.56889, -0.08333]","[0.1233, -0.31515, -0.941]","[-0.56159, 0.75963, -0.32799]","[19.68549, 145.76713, 42.85774]"
2I0J_D,ER,98.2,92.1,0.561,98,"[0.39896, -0.49559, 0.7715]","[-0.76832, 0.27857, 0.57626]","[-0.50051, -0.82267, -0.26964]","[57.62095, 106.20092, -20.17185]"
2IOG_A,ER,92.6,93.8,0.739,96,"[0.84155, 0.063, 0.53649]","[0.11993, 0.9466, -0.29928]","[-0.5267, 0.3162, 0.78905]","[-0.56528, -8.49523, 42.78149]"
2IOK_A,ER,97.8,92.5,0.83,97,"[0.7545, 0.34234, 0.55995]","[0.58529, -0.73699, -0.33806]","[0.29694, 0.5828, -0.75642]","[0.96412, 56.16327, 26.58238]"
2IOK_B,ER,96.5,91.7,0.701,97,"[-0.54595, -0.14459, 0.82525]","[-0.70006, 0.61986, -0.35453]","[-0.46027, -0.77128, -0.43963]","[47.65088, -12.86907, 30.14148]"
2J7X_A,ER,91.7,87.1,1.163,55,"[-0.11686, -0.76896, -0.62852]","[-0.28538, 0.63217, -0.72036]","[0.95126, 0.09519, -0.29332]","[80.66937, 37.60165, 92.58635]"
2J7Y_A,ER,92.9,87.5,1.269,56,"[-0.11733, -0.77412, -0.62207]","[-0.28004, 0.62676, -0.72715]","[0.95279, 0.08889, -0.29032]","[80.71724, 37.76935, 92.71778]"
2JF9_A,ER,97.7,87.5,0.776,98,"[-0.16894, -0.36794, 0.91438]","[0.83295, -0.54926, -0.06712]","[0.52693, 0.75029, 0.39926]","[72.43795, 71.92971, 11.71021]"
2JF9_B,ER,97.6,85.0,0.606,98,"[-0.8811, -0.33597, -0.33285]","[-0.26425, 0.93342, -0.24268]","[0.39223, -0.12587, -0.91122]","[117.47352, 1.82185, 7.14788]"
2JF9_C,ER,95.8,85.4,0.728,97,"[-0.58, -0.4673, -0.66725]","[-0.63215, 0.77482, 0.00686]","[0.5138, 0.42578, -0.7448]","[81.13156, 58.32611, -6.98202]"
2JFA_A,ER,98.2,90.4,0.714,98,"[0.49581, -0.64001, -0.58699]","[-0.64758, -0.72284, 0.24113]","[-0.57862, 0.26057, -0.77285]","[-49.07355, 71.83309, -14.93332]"
2JFA_B,ER,95.5,88.3,0.726,98,"[0.79415, 0.14956, 0.58903]","[-0.01407, 0.97351, -0.22821]","[-0.60756, 0.17294, 0.77522]","[-75.65231, 0.24439, 18.60209]"
2JJ3_A,ER,94.2,87.5,1.203,54,"[0.0855, 0.75259, -0.65291]","[0.30869, -0.64308, -0.70083]","[-0.94731, -0.14163, -0.2873]","[45.41374, 32.11764, 85.91477]"
2JJ3_B,ER,93.4,87.9,1.164,55,"[0.60938, 0.45322, 0.65058]","[-0.7119, -0.0485, 0.7006]","[0.34907, -0.89008, 0.29309]","[100.18472, 0.29418, 31.2556]"
2LBD_A,ER,80.7,80.0,1.782,20,"[0.15069, -0.26544, -0.95228]","[0.50446, -0.80778, 0.30499]","[-0.85019, -0.52634, 0.01218]","[7.52158, 19.30026, 95.66519]"
2NV7_A,ER,92.5,87.9,1.354,55,"[0.70944, 0.51929, -0.47648]","[-0.44037, -0.20122, -0.87498]","[-0.55024, 0.83057, 0.08592]","[8.91394, 51.78589, 64.64515]"
2NV7_B,ER,93.3,87.5,1.132,55,"[0.61536, -0.71494, 0.33197]","[-0.18944, 0.27466, 0.94269]","[-0.76514, -0.64298, 0.03358]","[-3.35288, 20.93121, -11.00202]"
2OCF_A,ER,93.1,89.6,1.144,93,"[-0.68119, 0.13774, -0.71903]","[0.38457, 0.90304, -0.19135]","[0.62296, -0.40687, -0.66812]","[69.71914, -41.96352, 2.21035]"
2OUZ_A,ER,91.5,93.8,0.605,96,"[0.84529, 0.06143, 0.53076]","[0.11795, 0.94741, -0.2975]","[-0.52112, 0.31408, 0.79359]","[-0.31698, -8.56052, 42.773]"
2OZ7_A,AR,97.6,97.2,0.774,99,"[-0.59451, 0.17001, 0.78591]","[-0.78631, 0.08148, -0.61244]","[-0.16816, -0.98207, 0.08525]","[53.20515, 9.21614, -17.08544]"
2P15_A,ER,90.5,91.2,0.693,97,"[-0.83781, 0.5089, 0.19773]","[0.05425, -0.28277, 0.95765]","[0.54326, 0.81306, 0.20929]","[-5.35886, 19.51101, 6.99317]"
2P15_B,ER,90.5,91.2,0.704,95,"[-0.48801, -0.56233, -0.66756]","[0.62803, 0.30491, -0.71596]","[0.60615, -0.76864, 0.20436]","[-28.79362, -19.883, 76.96893]"
2P1T_A,ER,89.1,78.3,1.585,30,"[0.77592, -0.22849, 0.588]","[0.42758, 0.87581, -0.22391]","[-0.46382, 0.42515, 0.77725]","[-36.36591, -17.66297, 43.86187]"
2P1U_A,ER,89.1,78.3,1.613,30,"[-0.79282, 0.24388, 0.55853]","[-0.42742, -0.87578, -0.22431]","[0.43445, -0.41657, 0.79858]","[35.194, 18.46648, 43.89533]"
2P1V_A,ER,89.1,78.3,1.594,30,"[-0.77968, 0.22715, 0.58353]","[-0.42147, -0.87957, -0.22075]","[0.46311, -0.41805, 0.78151]","[36.30513, 17.75741, 43.88941]"
2P7A_A,ER,90.6,84.2,1.45,33,"[0.47899, -0.57642, -0.66204]","[-0.87423, -0.3814, -0.30044]","[-0.07932, 0.72268, -0.68661]","[51.74353, 6.77627, -97.52491]"
2P7G_A,ER,91.0,84.2,1.435,33,"[0.47612, -0.58424, -0.65725]","[-0.87605, -0.38011, -0.29673]","[-0.07646, 0.71706, -0.6928]","[51.85191, 6.57818, -97.27538]"
2P7Z_A,ER,95.7,82.5,1.355,34,"[0.47585, -0.58385, -0.65779]","[-0.87696, -0.37207, -0.30415]","[-0.06717, 0.72158, -0.68906]","[51.85504, 6.64141, -98.0395]"
2PIO_A,AR,100.0,99.2,0.511,100,"[-0.61831, 0.19255, 0.76199]","[-0.76865, 0.05408, -0.63738]","[-0.16393, -0.9798, 0.11456]","[80.64398, 8.06332, -16.51775]"
2PIP_L,AR,100.0,99.6,0.595,100,"[-0.61773, 0.19422, 0.76203]","[-0.76898, 0.05359, -0.63702]","[-0.16456, -0.97949, 0.11625]","[53.48266, 41.0759, -16.53507]"
2PIQ_A,AR,100.0,99.6,0.639,100,"[0.59903, -0.18913, 0.77807]","[0.78231, -0.06899, -0.61906]","[0.17076, 0.97953, 0.10663]","[-53.45423, -8.03285, -16.73678]"
2PIR_A,AR,99.6,99.6,0.624,100,"[-0.61828, 0.19075, 0.76246]","[-0.76979, 0.04877, -0.63643]","[-0.15858, -0.98043, 0.11668]","[53.78402, 41.32252, -16.64484]"
2PIT_A,AR,100.0,100.0,0.66,100,"[-0.61269, 0.19533, 0.76581]","[-0.77334, 0.05165, -0.63189]","[-0.16298, -0.97938, 0.11941]","[53.49675, 8.02694, -16.67512]"
2PIU_A,AR,100.0,99.2,0.57,100,"[-0.58412, 0.17602, 0.79235]","[-0.79645, 0.06383, -0.60133]","[-0.15642, -0.98231, 0.10291]","[52.61967, 8.7373, -16.90225]"
2PIV_A,AR,99.6,99.2,0.644,100,"[-0.59108, 0.18114, 0.78601]","[-0.79003, 0.06661, -0.60944]","[-0.16275, -0.9812, 0.10373]","[52.94349, 8.38667, -16.7429]"
2PIW_A,AR,100.0,99.2,0.556,100,"[-0.59496, 0.1873, 0.78163]","[-0.78759, 0.05819, -0.61344]","[-0.16039, -0.98058, 0.1129]","[52.8899, 8.28733, -16.83616]"
2PIX_A,AR,100.0,99.2,0.59,100,"[-0.60303, 0.19001, 0.77476]","[-0.78049, 0.06025, -0.62226]","[-0.16492, -0.97993, 0.11197]","[53.65936, 8.13405, -16.78921]"
2PJL_A,ER,92.7,84.2,1.739,32,"[0.72572, 0.6879, -0.01131]","[-0.32239, 0.3255, -0.88888]","[-0.60778, 0.64873, 0.45799]","[-38.77747, -7.87584, 30.57669]"
2PJL_B,ER,92.7,84.2,1.728,31,"[0.72413, -0.6896, 0.00967]","[-0.32411, -0.32789, 0.88738]","[-0.60877, -0.64571, -0.46094]","[-38.71372, 8.01717, -50.18763]"
2PKL_A,AR,99.6,99.2,0.547,100,"[-0.59262, 0.18615, 0.78368]","[-0.78924, 0.06019, -0.61113]","[-0.16093, -0.98068, 0.11125]","[52.52339, 8.17373, -16.71652]"
2PNU_A,AR,99.6,97.6,0.519,100,"[-0.61632, 0.18789, 0.76475]","[-0.77019, 0.05864, -0.63511]","[-0.16417, -0.98044, 0.10857]","[52.98639, 8.14969, -16.66095]"
2POG_A,ER,96.1,93.3,0.762,97,"[0.87449, -0.02785, -0.48425]","[0.12439, -0.95209, 0.27939]","[-0.46882, -0.30456, -0.82912]","[-18.10214, 59.04027, 42.69593]"
2POG_B,ER,98.6,86.7,0.497,98,"[0.31721, 0.74724, 0.58397]","[-0.75867, 0.56942, -0.31651]","[-0.56903, -0.34264, 0.74753]","[18.01248, -5.04352, 82.16213]"
2PRG_B,GR,84.6,81.6,2.064,18,"[-0.61884, 0.0173, -0.78532]","[0.73483, 0.36606, -0.57099]","[0.2776, -0.93043, -0.23924]","[68.44534, 0.52549, 72.07072]"
2Q3Y_A,GR,98.4,94.1,1.033,66,"[-0.36212, 0.932, 0.01539]","[-0.93157, -0.36243, 0.02871]","[0.03234, -0.00393, 0.99947]","[8.30133, -56.31122, -32.49357]"
2Q6J_A,ER,90.9,91.7,0.751,96,"[0.47648, -0.59015, 0.65168]","[-0.62903, 0.28904, 0.72165]","[-0.61424, -0.75378, -0.2335]","[8.70228, -17.88492, -22.88381]"
2Q6J_B,ER,91.8,89.2,0.887,95,"[0.84074, 0.49065, -0.22895]","[-0.09196, -0.28731, -0.95341]","[-0.53357, 0.82263, -0.19644]","[-12.99675, 20.7328, 48.06572]"
2Q70_A,ER,94.5,92.5,0.687,97,"[0.89356, 0.00706, -0.44889]","[0.13818, -0.95566, 0.26002]","[-0.42715, -0.29437, -0.85492]","[-18.65074, 58.41623, 42.68846]"
2Q70_B,ER,98.6,86.7,0.476,98,"[0.26295, 0.74251, 0.61606]","[-0.76416, 0.55009, -0.33685]","[-0.589, -0.38219, 0.71204]","[17.76312, -5.68399, 82.07499]"
2Q7I_A,AR,99.6,96.0,0.521,100,"[-0.61126, 0.20116, 0.76543]","[-0.77086, 0.06771, -0.63339]","[-0.17924, -0.97721, 0.11368]","[53.78053, 7.50482, -16.70831]"
2Q7J_A,AR,99.2,98.0,0.5,100,"[-0.61633, 0.19273, 0.76354]","[-0.77216, 0.04246, -0.63401]","[-0.15461, -0.98033, 0.12265]","[53.26254, 8.20596, -16.89464]"
2Q7K_A,AR,99.6,96.4,0.506,100,"[-0.61336, 0.19563, 0.76519]","[-0.77017, 0.06649, -0.63436]","[-0.17498, -0.97842, 0.10989]","[53.78978, 7.757, -16.67328]"
2Q7L_A,AR,99.2,98.0,0.53,99,"[-0.61977, 0.18664, 0.76227]","[-0.76968, 0.04511, -0.63683]","[-0.15325, -0.98139, 0.1157]","[53.3076, 8.55388, -16.85026]"
2QA6_A,ER,91.4,92.5,0.802,96,"[-0.82767, 0.52117, 0.2082]","[0.06235, -0.28329, 0.957]","[0.55774, 0.80506, 0.20198]","[5.24285, 20.13303, -20.27345]"
2QA6_B,ER,90.5,91.2,0.737,95,"[-0.49107, -0.56252, -0.66514]","[0.62695, 0.30189, -0.71819]","[0.6048, -0.76969, 0.20443]","[-18.02033, -18.85116, 50.07888]"
2QA8_A,ER,93.0,88.8,0.832,95,"[-0.49174, -0.56963, -0.65857]","[0.62802, 0.29187, -0.72139]","[0.60314, -0.76833, 0.21421]","[9.35175, -18.40579, 49.52604]"
2QA8_B,ER,90.6,88.3,0.795,95,"[-0.82684, 0.50469, 0.24824]","[0.10728, -0.29174, 0.95046]","[0.55212, 0.81251, 0.18708]","[30.72726, 20.67904, -21.22883]"
2QAB_A,ER,91.5,90.0,0.866,95,"[0.83006, 0.51629, -0.21082]","[-0.06458, -0.2865, -0.9559]","[-0.55392, 0.80707, -0.20448]","[-14.53052, 20.21644, 47.67566]"
2QAB_B,ER,91.0,92.9,0.813,95,"[0.49092, -0.55911, 0.66813]","[-0.62617, 0.30677, 0.7168]","[-0.60573, -0.77025, -0.1995]","[8.4163, -19.04193, -22.24347]"
