ID,best_fit,coverage (%query),coverage (%reference),rmsd,identity (%),Rx,Ry,Rz,T
1A52_A,ER,92.1,91.3,0.682,96,"[0.4463, -0.61855, -0.64669]","[-0.60297, 0.32612, -0.72806]","[0.66124, 0.71487, -0.22742]","[125.28407, 39.72921, 114.61141]"
1A52_B_1_000,ER,91.7,91.3,0.656,96,"[-0.28306, -0.77138, 0.56995]","[0.48607, 0.39691, 0.77859]","[-0.82681, 0.49742, 0.2626]","[65.73441, 34.76405, 55.96487]"
1A52_A_2_100,ER,92.1,91.3,0.682,96,"[0.31253, 0.69579, -0.64669]","[0.01906, -0.68525, -0.72806]","[-0.94972, 0.21522, -0.22742]","[49.95146, 88.63462, 114.61144]"
1A52_A_3_110,ER,92.1,91.3,0.682,96,"[-0.75883, -0.07723, -0.64669]","[0.58391, 0.35913, -0.72806]","[0.28848, -0.93009, -0.22742]","[45.26448, -1.05805, 114.61139]"
1A52_B_4_001,ER,91.7,91.3,0.656,96,"[-0.28306, 0.77138, -0.56995]","[0.48607, -0.39691, -0.77859]","[-0.82681, -0.49742, -0.2626]","[65.73441, -34.76405, 112.93513]"
1A52_B_14_0-10,ER,91.7,91.3,0.656,96,"[0.80957, 0.14056, 0.56995]","[-0.58677, 0.22249, 0.77859]","[-0.01738, -0.96475, 0.2626]","[84.02625, -45.32486, 112.26486]"
1A52_A_18_0-11,ER,92.1,91.3,0.682,96,"[-0.75883, 0.07723, 0.64669]","[0.58391, -0.35913, 0.72806]","[0.28848, 0.93009, 0.22742]","[118.76444, 43.49334, 110.58866]"
1A52_B,ER,91.7,91.3,0.656,96,"[-0.28306, -0.77138, 0.56995]","[0.48607, 0.39691, 0.77859]","[-0.82681, 0.49742, 0.2626]","[65.73441, 34.76405, 55.96487]"
1A52_B_2_100,ER,91.7,91.3,0.656,96,"[0.80957, 0.14056, 0.56995]","[-0.58677, 0.2225, 0.77859]","[-0.01738, -0.96475, 0.2626]","[84.02624, 39.54564, 55.96487]"
1A52_B_3_110,ER,91.7,91.3,0.656,96,"[-0.52651, 0.63083, 0.56995]","[0.1007, -0.61941, 0.77859]","[0.84419, 0.46732, 0.2626]","[70.73938, 52.99599, 55.96485]"
1A52_B_11_100,ER,91.7,91.3,0.656,96,"[0.80957, -0.14056, -0.56995]","[-0.58677, -0.22249, -0.77859]","[-0.01738, 0.96475, -0.2626]","[84.02625, 45.32486, 56.63514]"
1E3G_A,AR,100.0,100.0,0.0,100,"[0.61658, -0.18797, 0.76453]","[0.77281, -0.0409, -0.63331]","[0.15031, 0.98132, 0.12005]","[-25.95394, 24.97676, -16.49929]"
1E3G_A_2_010,AR,100.0,100.0,0.0,100,"[-0.61658, 0.18797, 0.76453]","[-0.77281, 0.0409, -0.63331]","[-0.15031, -0.98132, 0.12005]","[53.09394, 41.16324, 19.36071]"
1E3G_A_2_01-1,AR,100.0,100.0,0.0,100,"[-0.61658, 0.18797, 0.76453]","[-0.77281, 0.0409, -0.63331]","[-0.15031, -0.98132, 0.12005]","[53.09394, 41.16324, -52.35929]"
1E3G_A_3_000,AR,100.0,100.0,0.0,100,"[-0.61658, -0.18797, -0.76453]","[-0.77281, -0.0409, 0.63331]","[-0.15031, 0.98132, -0.12005]","[25.95394, 58.04676, 52.35929]"
1E3G_A_3_0-10,AR,100.0,100.0,0.0,100,"[-0.61658, -0.18797, -0.76453]","[-0.77281, -0.0409, 0.63331]","[-0.15031, 0.98132, -0.12005]","[25.95394, -8.09324, 52.35929]"
1E3G_A_4_000,AR,100.0,100.0,0.0,100,"[0.61658, 0.18797, -0.76453]","[0.77281, 0.0409, 0.63331]","[0.15031, -0.98132, -0.12005]","[1.18606, 8.09324, 16.49929]"
1E3G_A_4_-100,AR,100.0,100.0,0.0,100,"[0.61658, 0.18797, -0.76453]","[0.77281, 0.0409, 0.63331]","[0.15031, -0.98132, -0.12005]","[-53.09394, 8.09324, 16.49929]"
1ERE_A,ER,91.9,89.6,0.737,96,"[0.125, -0.67304, 0.72897]","[0.91057, 0.36959, 0.1851]","[-0.394, 0.64064, 0.65905]","[-17.9392, 69.58281, 131.84249]"
1ERE_B_1_-100,ER,91.9,89.6,0.738,96,"[-0.12049, -0.70523, -0.69866]","[-0.9138, 0.35379, -0.19952]","[0.38789, 0.6144, -0.68706]","[4.13064, 69.97659, 136.06831]"
1ERE_B_1_000,ER,91.9,89.6,0.738,96,"[-0.12049, -0.70523, -0.69866]","[-0.9138, 0.35379, -0.19952]","[0.38789, 0.6144, -0.68706]","[65.61064, 69.97659, 136.06831]"
1ERE_C_1_000,ER,91.9,89.6,0.735,96,"[0.79251, 0.18024, -0.58262]","[0.23874, -0.97078, 0.02442]","[-0.56119, -0.15845, -0.81238]","[-11.06853, 65.10012, 77.53877]"
1ERE_B,ER,91.9,89.6,0.738,96,"[-0.12049, -0.70523, -0.69866]","[-0.9138, 0.35379, -0.19952]","[0.38789, 0.6144, -0.68706]","[65.61064, 69.97659, 136.06831]"
1ERE_E_1_001,ER,91.9,89.6,0.738,96,"[-0.82265, 0.07628, 0.56341]","[-0.08259, -0.99648, 0.01431]","[0.56252, -0.03476, 0.82605]","[55.48392, 72.26029, 191.10954]"
1ERE_C,ER,91.9,89.6,0.735,96,"[0.79251, 0.18024, -0.58262]","[0.23874, -0.97078, 0.02442]","[-0.56119, -0.15845, -0.81238]","[-11.06853, 65.10012, 77.53877]"
1ERE_D_1_-100,ER,91.9,89.6,0.739,96,"[0.33081, 0.5964, 0.73135]","[-0.82251, 0.56215, -0.08637]","[-0.46264, -0.57297, 0.67651]","[-27.23002, -2.74815, 95.12886]"
1ERE_D_1_000,ER,91.9,89.6,0.739,96,"[0.33081, 0.5964, 0.73135]","[-0.82251, 0.56215, -0.08637]","[-0.46264, -0.57297, 0.67651]","[34.24998, -2.74815, 95.12886]"
1ERE_F_2_101,ER,91.9,89.6,0.738,96,"[0.41872, 0.5162, 0.74713]","[-0.71566, 0.69403, -0.07844]","[-0.55903, -0.50185, 0.66003]","[-2.62318, 54.99219, 96.34523]"
1ERE_D,ER,91.9,89.6,0.739,96,"[0.33081, 0.5964, 0.73135]","[-0.82251, 0.56215, -0.08637]","[-0.46264, -0.57297, 0.67651]","[34.24998, -2.74815, 95.12886]"
1ERE_F_1_000,ER,91.9,89.6,0.738,96,"[-0.41872, 0.5162, -0.74713]","[0.71566, 0.69403, 0.07844]","[0.55903, -0.50185, -0.66003]","[43.08618, -2.58781, 39.41777]"
1ERE_E_2_1-11,ER,91.9,89.6,0.738,96,"[0.82265, 0.07628, -0.56341]","[0.08259, -0.99648, -0.01431]","[-0.56252, -0.03476, -0.82605]","[-36.03792, 14.68029, 80.41646]"
1ERE_E_2_2-11,ER,91.9,89.6,0.738,96,"[0.82265, 0.07628, -0.56341]","[0.08259, -0.99648, -0.01431]","[-0.56252, -0.03476, -0.82605]","[25.44208, 14.68029, 80.41646]"
1ERE_E,ER,91.9,89.6,0.738,96,"[-0.82265, 0.07628, 0.56341]","[-0.08259, -0.99648, 0.01431]","[0.56252, -0.03476, 0.82605]","[76.50092, 72.26029, 55.34654]"
1ERE_F_1_100,ER,91.9,89.6,0.738,96,"[-0.41872, 0.5162, -0.74713]","[0.71566, 0.69403, 0.07844]","[0.55903, -0.50185, -0.66003]","[104.56618, -2.58781, 39.41777]"
1ERR_A,ER,98.7,92.1,0.692,97,"[-0.00758, -0.99997, 0.00288]","[-0.99997, 0.00759, 0.00304]","[-0.00306, -0.00285, -0.99999]","[83.73311, 52.39748, 45.98299]"
1ERR_B_1_000,ER,96.9,89.6,0.652,97,"[0.51436, 0.0265, 0.85716]","[0.73516, 0.50102, -0.45664]","[-0.44156, 0.86503, 0.23823]","[7.10061, 39.62114, 76.49372]"
1ERR_B_1_010,ER,96.9,89.6,0.652,97,"[0.51436, 0.0265, 0.85716]","[0.73516, 0.50102, -0.45664]","[-0.44156, 0.86503, 0.23823]","[7.10061, 93.30114, 76.49372]"
1ERR_B_3_000,ER,96.9,89.6,0.652,97,"[0.51436, 0.0265, 0.85716]","[0.73516, 0.50102, -0.45664]","[-0.44156, 0.86503, 0.23823]","[59.36561, 66.46114, 76.49372]"
1ERR_B_3_0-10,ER,96.9,89.6,0.652,97,"[0.51436, 0.0265, 0.85716]","[0.73516, 0.50102, -0.45664]","[-0.44156, 0.86503, 0.23823]","[59.36561, 12.78114, 76.49372]"
1ERR_B_4_101,ER,96.9,89.6,0.652,97,"[-0.51436, 0.0265, -0.85716]","[-0.73516, 0.50102, 0.45664]","[0.44156, 0.86503, -0.23823]","[103.40039, 66.46114, 15.19228]"
1ERR_B,ER,96.9,89.6,0.652,97,"[0.51436, 0.0265, 0.85716]","[0.73516, 0.50102, -0.45664]","[-0.44156, 0.86503, 0.23823]","[7.10061, 39.62114, 76.49372]"
1ERR_B_2_101,ER,96.9,89.6,0.652,97,"[-0.51436, 0.0265, -0.85716]","[-0.73516, 0.50102, 0.45664]","[0.44156, 0.86503, -0.23823]","[51.13539, 39.62114, 15.19228]"
1FM6_A,ER,84.1,80.9,1.736,29,"[0.66047, -0.46873, 0.58657]","[-0.22302, -0.86842, -0.44284]","[0.71696, 0.16167, -0.6781]","[29.98128, 41.09959, -5.1917]"
1FM6_U_1_000,ER,84.5,81.3,1.753,29,"[-0.77267, 0.50389, 0.38611]","[0.37703, 0.85359, -0.35949]","[-0.51072, -0.13219, -0.84952]","[-12.94915, 8.54892, 16.85797]"
1FM6_U_1_00-1,ER,84.5,81.3,1.753,29,"[-0.77267, 0.50389, 0.38611]","[0.37703, 0.85359, -0.35949]","[-0.51072, -0.13219, -0.84952]","[-4.69115, 8.54892, -37.81103]"
1FM6_U_1_100,ER,84.5,81.3,1.753,29,"[-0.77267, 0.50389, 0.38611]","[0.37703, 0.85359, -0.35949]","[-0.51072, -0.13219, -0.84952]","[36.30585, 8.54892, 16.85797]"
1FM6_U,ER,84.5,81.3,1.753,29,"[-0.77267, 0.50389, 0.38611]","[0.37703, 0.85359, -0.35949]","[-0.51072, -0.13219, -0.84952]","[-12.94915, 8.54892, 16.85797]"
1FM9_A,ER,83.6,80.5,1.699,29,"[0.79211, -0.44829, -0.41424]","[-0.22983, 0.40966, -0.88281]","[0.56545, 0.79449, 0.22147]","[17.54162, 12.22518, 71.08659]"
1FM9_A_3_0-10,ER,83.6,80.5,1.699,29,"[-0.79211, -0.44829, 0.41424]","[0.22983, 0.40966, 0.88281]","[-0.56546, 0.79449, -0.22147]","[-17.54165, -14.79771, 34.48798]"
1FM9_A_3_000,ER,83.6,80.5,1.699,29,"[-0.79211, -0.44829, 0.41424]","[0.22983, 0.40966, 0.88281]","[-0.56546, 0.79449, -0.22147]","[-17.54165, 39.24829, 34.48798]"
1FM9_A_3_100,ER,83.6,80.5,1.699,29,"[-0.79211, -0.44829, 0.41424]","[0.22983, 0.40966, 0.88281]","[-0.56546, 0.79449, -0.22147]","[28.60135, 39.24829, 34.48798]"
1FM9_A_3_1-10,ER,83.6,80.5,1.699,29,"[-0.79211, -0.44829, 0.41424]","[0.22983, 0.40966, 0.88281]","[-0.56546, 0.79449, -0.22147]","[28.60135, -14.79771, 34.48798]"
1G50_A,ER,89.5,91.7,0.808,95,"[0.69113, -0.24439, -0.68015]","[-0.36273, -0.93128, -0.03396]","[-0.62511, 0.27018, -0.73228]","[81.82026, 41.37558, 17.54987]"
1G50_C_1_000,ER,90.2,91.3,0.81,95,"[-0.23665, -0.69793, -0.67594]","[-0.93758, 0.34652, -0.02954]","[0.25485, 0.62675, -0.73636]","[93.17634, 55.12815, 43.39448]"
1G50_B_2_10-1,ER,89.8,91.7,0.82,96,"[0.46221, 0.54804, 0.69714]","[-0.78893, 0.61311, 0.04108]","[-0.40491, -0.56899, 0.71575]","[53.41552, -17.85925, 7.79924]"
1G50_A_4_000,ER,89.5,91.7,0.808,95,"[0.69113, 0.24439, 0.68015]","[-0.36273, 0.93128, 0.03396]","[-0.62511, -0.27018, 0.73228]","[81.82026, -41.37558, 27.81013]"
1G50_B_4_110,ER,89.8,91.7,0.82,96,"[0.24351, 0.67431, -0.69714]","[0.92543, -0.37668, -0.04108]","[-0.2903, -0.63515, -0.71575]","[63.32566, 37.32992, -7.79927]"
1G50_A_5_210,ER,89.5,91.7,0.808,95,"[-0.13392, -0.72073, 0.68015]","[0.98787, -0.15151, 0.03396]","[0.07857, 0.67645, 0.73228]","[81.50755, 41.19503, 73.17009]"
1G50_B,ER,89.8,91.7,0.82,96,"[0.24351, -0.67431, 0.69714]","[0.92543, 0.37668, 0.04108]","[-0.2903, 0.63515, 0.71575]","[10.57566, 54.03608, 53.15927]"
1G50_C_2_10-1,ER,90.2,91.3,0.81,95,"[0.72275, 0.14402, -0.67594]","[0.16869, -0.98523, -0.02954]","[-0.67021, -0.09267, -0.73636]","[11.16942, 53.12898, -1.96552]"
1G50_C,ER,90.2,91.3,0.81,95,"[-0.23665, -0.69793, -0.67594]","[-0.93758, 0.34652, -0.02954]","[0.25485, 0.62675, -0.73636]","[93.17634, 55.12815, 43.39448]"
1G50_C_5_210,ER,90.2,91.3,0.81,95,"[0.72275, -0.14402, 0.67594]","[0.16869, 0.98523, 0.02954]","[-0.67021, 0.09267, 0.73636]","[63.91943, 38.23661, 47.32547]"
1GS4_A,AR,100.0,97.6,0.547,99,"[0.58562, -0.18861, 0.78834]","[0.79219, -0.07287, -0.60591]","[0.17173, 0.97934, 0.10674]","[-24.64202, 25.04096, -16.99046]"
1GS4_A_2_010,AR,100.0,97.6,0.547,99,"[-0.58562, 0.18861, 0.78834]","[-0.79219, 0.07287, -0.60591]","[-0.17173, -0.97934, 0.10674]","[52.81702, 41.18904, 19.53454]"
1GS4_A_2_01-1,AR,100.0,97.6,0.547,99,"[-0.58562, 0.18861, 0.78834]","[-0.79219, 0.07287, -0.60591]","[-0.17173, -0.97934, 0.10674]","[52.81702, 41.18904, -53.51546]"
1GS4_A_3_000,AR,100.0,97.6,0.547,99,"[-0.58562, -0.18861, -0.78834]","[-0.79219, -0.07287, 0.60591]","[-0.17173, 0.97934, -0.10674]","[24.64202, 58.15596, 53.51546]"
1GS4_A_3_0-10,AR,100.0,97.6,0.547,99,"[-0.58562, -0.18861, -0.78834]","[-0.79219, -0.07287, 0.60591]","[-0.17173, 0.97934, -0.10674]","[24.64202, -8.07404, 53.51546]"
1GS4_A_4_000,AR,100.0,97.6,0.547,99,"[0.58562, 0.18861, -0.78834]","[0.79219, 0.07287, 0.60591]","[0.17173, -0.97934, -0.10674]","[3.53298, 8.07404, 16.99046]"
1GS4_A_4_-100,AR,100.0,97.6,0.547,99,"[0.58562, 0.18861, -0.78834]","[0.79219, 0.07287, 0.60591]","[0.17173, -0.97934, -0.10674]","[-52.81702, 8.07404, 16.99046]"
1GWQ_A,ER,90.1,90.9,0.752,96,"[-0.68656, -0.71757, -0.11717]","[0.48109, -0.32752, -0.81319]","[0.54515, -0.61467, 0.57008]","[25.18108, 8.10525, 59.86248]"
1GWQ_B_1_000,ER,90.1,90.5,0.699,96,"[-0.70372, 0.70517, -0.08666]","[0.22252, 0.33459, 0.91571]","[0.67473, 0.62512, -0.39237]","[37.13367, -7.98742, -20.95429]"
1GWQ_A_2_1-11,ER,90.1,90.9,0.752,96,"[0.68656, -0.71757, 0.11717]","[-0.48109, -0.32752, 0.81319]","[-0.54515, -0.61467, -0.57008]","[18.80092, -23.70475, 14.06752]"
1GWQ_A_2_101,ER,90.1,90.9,0.752,96,"[0.68656, -0.71757, 0.11717]","[-0.48109, -0.32752, 0.81319]","[-0.54515, -0.61467, -0.57008]","[18.80092, 39.91525, 14.06752]"
1GWQ_B_2_101,ER,90.1,90.5,0.699,96,"[0.70372, 0.70517, 0.08666]","[-0.22252, 0.33459, -0.91571]","[-0.67473, 0.62512, 0.39237]","[6.84833, 23.82258, 94.88429]"
1GWQ_B_2_100,ER,90.1,90.5,0.699,96,"[0.70372, 0.70517, 0.08666]","[-0.22252, 0.33459, -0.91571]","[-0.67473, 0.62512, 0.39237]","[17.68633, 23.82258, 20.95429]"
1GWQ_B,ER,90.1,90.5,0.699,96,"[-0.70372, 0.70517, -0.08666]","[0.22252, 0.33459, 0.91571]","[0.67473, 0.62512, -0.39237]","[37.13367, -7.98742, -20.95429]"
1GWQ_B_2_1-10,ER,90.1,90.5,0.699,96,"[0.70372, 0.70517, 0.08666]","[-0.22252, 0.33459, -0.91571]","[-0.67473, 0.62512, 0.39237]","[17.68633, -39.79742, 20.95429]"
1GWR_A,ER,92.0,90.9,0.736,95,"[-0.48551, -0.55586, -0.67476]","[0.62451, 0.3196, -0.71264]","[0.61178, -0.76738, 0.19197]","[7.55173, -19.42586, 41.40518]"
1GWR_B_1_001,ER,91.6,90.9,0.675,96,"[-0.84858, 0.49753, 0.17995]","[0.04208, -0.27558, 0.96036]","[0.5274, 0.82251, 0.21292]","[10.85856, 20.27191, 27.32248]"
1GWR_B_1_000,ER,91.6,90.9,0.675,96,"[-0.84858, 0.49753, 0.17995]","[0.04208, -0.27558, 0.96036]","[0.5274, 0.82251, 0.21292]","[30.95156, 20.27191, -28.39552]"
1GWR_B_2_0-10,ER,91.6,90.9,0.675,96,"[0.84858, 0.49753, -0.17995]","[-0.04208, -0.27558, -0.96036]","[-0.5274, 0.82251, -0.21292]","[-30.95156, -24.99809, 28.39552]"
1GWR_B_2_000,ER,91.6,90.9,0.675,96,"[0.84858, 0.49753, -0.17995]","[-0.04208, -0.27558, -0.96036]","[-0.5274, 0.82251, -0.21292]","[-30.95156, 65.54191, 28.39552]"
1H9U_A,ER,89.6,74.7,1.496,32,"[0.71826, -0.28399, 0.63517]","[-0.33604, 0.65777, 0.6741]","[-0.60924, -0.69763, 0.37702]","[-64.33818, -74.00209, 102.43545]"
1H9U_B_1_000,ER,90.0,75.1,1.522,32,"[0.71843, 0.28765, -0.63334]","[-0.33282, -0.65737, -0.67609]","[-0.61081, 0.69651, -0.37654]","[-64.38587, -7.34268, 151.68412]"
1H9U_C_1_000,ER,89.6,74.7,1.496,32,"[0.63029, 0.29639, 0.71756]","[0.68027, -0.65624, -0.32647]","[0.37413, 0.6939, -0.61525]","[-44.03697, -7.52772, 81.65423]"
1H9U_D_1_000,ER,90.0,75.1,1.523,32,"[-0.63483, -0.29216, 0.71529]","[-0.67811, 0.65441, -0.33453]","[-0.37036, -0.69741, -0.61355]","[5.62426, -73.94341, 82.06599]"
1H9U_D_2_103,ER,90.0,75.1,1.523,32,"[0.63483, -0.29216, -0.71529]","[0.67811, 0.65441, 0.33453]","[0.37036, -0.69741, 0.61355]","[-44.14026, -73.94341, 172.26701]"
1H9U_B_4_0-13,ER,90.0,75.1,1.522,32,"[-0.71843, 0.28765, 0.63334]","[0.33282, -0.65737, 0.67609]","[0.61081, 0.69651, 0.37654]","[-36.07314, -60.78368, 102.64889]"
1H9U_B,ER,90.0,75.1,1.522,32,"[0.71843, 0.28765, -0.63334]","[-0.33282, -0.65737, -0.67609]","[-0.61081, 0.69651, -0.37654]","[-64.38587, -7.34268, 151.68412]"
1H9U_C_2_103,ER,89.6,74.7,1.496,32,"[-0.63029, 0.29639, -0.71756]","[-0.68027, -0.65624, 0.32647]","[-0.37413, 0.6939, 0.61525]","[5.52097, -7.52772, 172.67877]"
1H9U_C,ER,89.6,74.7,1.496,32,"[0.63029, 0.29639, 0.71756]","[0.68027, -0.65624, -0.32647]","[0.37413, 0.6939, -0.61525]","[-44.03697, -7.52772, 81.65423]"
1K4W_A,ER,80.7,81.7,1.876,17,"[-0.28409, 0.9132, -0.29216]","[-0.90398, -0.15355, 0.39906]","[0.31956, 0.37748, 0.86913]","[50.38503, 25.1542, 25.56813]"
1K4W_A_2_010,ER,80.7,81.7,1.876,17,"[0.28409, -0.9132, -0.29216]","[0.90398, 0.15355, 0.39906]","[-0.31956, -0.37748, 0.86913]","[-24.23403, 33.3348, 78.58613]"
1K4W_A_3_100,ER,80.7,81.7,1.876,17,"[0.28409, 0.9132, 0.29216]","[0.90398, -0.15355, -0.39906]","[-0.31956, 0.37748, -0.86913]","[1.91698, 54.39873, 27.44987]"
1K4W_A_3_1-10,ER,80.7,81.7,1.876,17,"[0.28409, 0.9132, 0.29216]","[0.90398, -0.15355, -0.39906]","[-0.31956, 0.37748, -0.86913]","[1.91698, -4.09027, 27.44987]"
1K4W_A_4_-110,ER,80.7,81.7,1.876,17,"[-0.28409, -0.9132, 0.29216]","[-0.90398, 0.15355, -0.39906]","[0.31956, -0.37748, -0.86913]","[24.23402, 62.57927, -25.56813]"
1K4W_A_4_-100,ER,80.7,81.7,1.876,17,"[-0.28409, -0.9132, 0.29216]","[-0.90398, 0.15355, -0.39906]","[0.31956, -0.37748, -0.86913]","[24.23402, 4.09027, -25.56813]"
1K4W_A_4_000,ER,80.7,81.7,1.876,17,"[-0.28409, -0.9132, 0.29216]","[-0.90398, 0.15355, -0.39906]","[0.31956, -0.37748, -0.86913]","[76.53602, 4.09027, -25.56813]"
1K4W_A_4_010,ER,80.7,81.7,1.876,17,"[-0.28409, -0.9132, 0.29216]","[-0.90398, 0.15355, -0.39906]","[0.31956, -0.37748, -0.86913]","[76.53602, 62.57927, -25.56813]"
1K74_A,ER,83.6,80.5,1.698,29,"[0.78823, -0.46302, -0.40534]","[-0.23251, 0.38578, -0.89281]","[0.56977, 0.79799, 0.19643]","[17.66539, 39.39067, 71.5715]"
1K74_A_3_0-10,ER,83.6,80.5,1.698,29,"[-0.78823, -0.46302, 0.40534]","[0.23251, 0.38578, 0.89281]","[-0.56977, 0.79799, -0.19643]","[-17.66539, 11.84067, 35.8585]"
1K74_A_3_000,ER,83.6,80.5,1.698,29,"[-0.78823, -0.46302, 0.40534]","[0.23251, 0.38578, 0.89281]","[-0.56977, 0.79799, -0.19643]","[-17.66539, 66.94067, 35.8585]"
1K74_A_3_100,ER,83.6,80.5,1.698,29,"[-0.78823, -0.46302, 0.40534]","[0.23251, 0.38578, 0.89281]","[-0.56977, 0.79799, -0.19643]","[28.95461, 66.94067, 35.8585]"
1K74_A_3_1-10,ER,83.6,80.5,1.698,29,"[-0.78823, -0.46302, 0.40534]","[0.23251, 0.38578, 0.89281]","[-0.56977, 0.79799, -0.19643]","[28.95461, 11.84067, 35.8585]"
1KV6_A,ER,91.9,84.6,1.46,33,"[-0.62709, 0.7642, -0.15087]","[0.40589, 0.15526, -0.90064]","[-0.66484, -0.62602, -0.40755]","[-9.62897, 11.11927, 26.19907]"
1KV6_B_1_000,ER,91.0,83.8,1.345,33,"[0.3229, 0.52978, 0.78426]","[-0.29105, -0.73291, 0.61492]","[0.90057, -0.42682, -0.08246]","[34.08461, 49.4223, -33.03506]"
1KV6_B_3_-100,ER,91.0,83.8,1.345,33,"[0.52978, -0.32289, 0.78427]","[-0.73291, 0.29106, 0.61492]","[-0.42682, -0.90057, -0.08246]","[7.76383, 7.57366, 27.11754]"
1KV6_B_7_000,ER,91.0,83.8,1.345,33,"[0.52978, 0.3229, -0.78426]","[-0.73291, -0.29105, -0.61492]","[-0.42682, 0.90057, 0.08246]","[49.4223, 34.08461, 33.03506]"
1L2I_A,ER,93.6,90.9,0.864,95,"[-0.94722, 0.29118, 0.1341]","[0.08506, -0.17504, 0.98088]","[0.30908, 0.94052, 0.14103]","[30.15293, 22.09536, -20.00124]"
1L2I_B_1_00-1,ER,93.5,90.0,0.954,94,"[-0.28374, -0.7417, -0.60776]","[0.55058, 0.3929, -0.73654]","[0.78508, -0.54361, 0.29688]","[36.56221, -15.07753, -1.58016]"
1L2I_B_1_000,ER,93.5,90.0,0.954,94,"[-0.28374, -0.7417, -0.60776]","[0.55058, 0.3929, -0.73654]","[0.78508, -0.54361, 0.29688]","[14.89521, -15.07753, 53.34084]"
1L2I_B,ER,93.5,90.0,0.954,94,"[-0.28374, -0.7417, -0.60776]","[0.55058, 0.3929, -0.73654]","[0.78508, -0.54361, 0.29688]","[14.89521, -15.07753, 53.34084]"
1L2I_B_2_1-11,ER,93.5,90.0,0.954,94,"[0.28374, -0.7417, 0.60776]","[-0.55058, 0.3929, 0.73654]","[-0.78508, -0.54361, -0.29688]","[17.98279, -56.37753, 1.58016]"
1L2I_B_2_101,ER,93.5,90.0,0.954,94,"[0.28374, -0.7417, 0.60776]","[-0.55058, 0.3929, 0.73654]","[-0.78508, -0.54361, -0.29688]","[17.98279, 26.22247, 1.58016]"
1L2J_A,ER,95.7,92.1,1.417,53,"[0.5256, 0.21571, -0.82293]","[0.8257, 0.10358, 0.55452]","[0.20485, -0.97095, -0.12367]","[14.45282, 50.45671, -8.31965]"
1L2J_A_2_210,ER,95.7,92.1,1.417,53,"[-0.44961, 0.34733, -0.82293]","[-0.50255, 0.66329, 0.55452]","[0.73844, 0.66288, -0.12367]","[97.7928, 73.14937, -8.31969]"
1L2J_A_3_120,ER,95.7,92.1,1.417,53,"[-0.07599, -0.56303, -0.82293]","[-0.32315, -0.76687, 0.55452]","[-0.94329, 0.30807, -0.12367]","[36.47041, 133.9776, -8.31967]"
1L2J_B_4_0-1-1,ER,96.4,89.2,1.41,54,"[-0.31687, -0.4945, -0.80936]","[-0.61624, -0.54134, 0.57201]","[-0.721, 0.68002, -0.1332]","[58.1631, 77.2767, -34.5175]"
1L2J_B_6_01-1,ER,96.4,89.2,1.41,54,"[-0.26981, 0.52167, -0.80936]","[-0.16069, 0.80435, 0.57201]","[0.94941, 0.28439, -0.1332]","[37.8417, 82.71353, -34.5175]"
1L2J_B,ER,96.4,89.2,1.41,54,"[-0.31687, -0.4945, -0.80936]","[-0.61624, -0.54134, 0.57201]","[-0.721, 0.68002, -0.1332]","[8.5911, 105.8967, 29.9435]"
1L2J_B_2_110,ER,96.4,89.2,1.41,54,"[0.58669, -0.02717, -0.80936]","[0.77693, -0.26301, 0.57201]","[-0.22842, -0.96441, -0.1332]","[-46.43286, 40.35307, 29.9435]"
1L2J_B_3_010,ER,96.4,89.2,1.41,54,"[-0.26981, 0.52167, -0.80936]","[-0.16069, 0.80435, 0.57201]","[0.94941, 0.28439, -0.1332]","[37.8417, 25.47274, 29.94351]"
1MV9_A,ER,88.3,78.4,1.558,30,"[0.7747, -0.22831, 0.58968]","[0.42885, 0.875, -0.22463]","[-0.46469, 0.4269, 0.77577]","[28.01382, 46.69022, 43.75065]"
1MV9_A_2_1-1-1,ER,88.3,78.4,1.558,30,"[0.22831, 0.7747, 0.58968]","[-0.875, 0.42885, -0.22462]","[-0.4269, -0.46469, 0.77577]","[49.85142, -4.16658, 15.56565]"
1MV9_A_3_010,ER,88.3,78.4,1.558,30,"[-0.22831, -0.7747, 0.58968]","[0.87501, -0.42885, -0.22462]","[0.4269, 0.46469, 0.77577]","[78.87057, 68.52758, 71.93564]"
1MV9_A_4_010,ER,88.3,78.4,1.558,30,"[0.7747, 0.22831, -0.58968]","[0.42885, -0.875, 0.22462]","[-0.46469, -0.4269, -0.77577]","[60.19442, 49.85142, -15.56565]"
1MV9_A_4_-110,ER,88.3,78.4,1.558,30,"[0.7747, 0.22831, -0.58968]","[0.42885, -0.875, 0.22462]","[-0.46469, -0.4269, -0.77577]","[-4.16658, 49.85142, -15.56565]"
1MV9_A_5_100,ER,88.3,78.4,1.558,30,"[-0.7747, -0.22831, -0.58968]","[-0.42885, 0.87501, 0.22462]","[0.46469, 0.4269, -0.77577]","[68.52758, 78.87057, 40.80436]"
1MV9_A_5_1-10,ER,88.3,78.4,1.558,30,"[-0.7747, -0.22831, -0.58968]","[-0.42885, 0.87501, 0.22462]","[0.46469, 0.4269, -0.77577]","[68.52758, 14.50957, 40.80436]"
1MV9_A_8_220,ER,88.3,78.4,1.558,30,"[0.22831, -0.7747, -0.58968]","[-0.875, -0.42885, 0.22463]","[-0.4269, 0.46469, -0.77577]","[82.03178, 100.70818, 12.61935]"
1MVC_A,ER,89.2,78.4,1.56,30,"[0.2293, -0.76735, -0.59883]","[-0.87381, -0.43332, 0.22068]","[-0.42882, 0.47266, -0.76987]","[49.89541, 68.74806, 12.67608]"
1MVC_A_2_1-1-1,ER,89.2,78.4,1.56,30,"[0.76735, 0.22929, -0.59883]","[0.43331, -0.87381, 0.22067]","[-0.47266, -0.42882, -0.76987]","[28.01849, 17.63978, -15.18992]"
1MVC_A_3_010,ER,89.2,78.4,1.56,30,"[-0.76735, -0.22929, -0.59883]","[-0.43331, 0.87381, 0.22067]","[0.47266, 0.42882, -0.76987]","[101.00351, 46.87122, 40.54208]"
1MVC_A_4_-110,ER,89.2,78.4,1.56,30,"[0.22929, 0.76735, 0.59883]","[-0.87381, 0.43331, -0.22067]","[-0.42882, -0.47266, 0.76987]","[17.63978, 28.01849, 15.18992]"
1MVC_A_4_010,ER,89.2,78.4,1.56,30,"[0.22929, 0.76735, 0.59883]","[-0.87381, 0.43331, -0.22067]","[-0.42882, -0.47266, 0.76987]","[82.15078, 28.01849, 15.18992]"
1MVC_A_5_1-10,ER,89.2,78.4,1.56,30,"[-0.22929, -0.76735, 0.59883]","[0.87381, -0.43331, -0.22067]","[0.42882, 0.47266, 0.76987]","[46.87122, 36.49251, 70.92292]"
1MVC_A_5_100,ER,89.2,78.4,1.56,30,"[-0.22929, -0.76735, 0.59883]","[0.87381, -0.43331, -0.22067]","[0.42882, 0.47266, 0.76987]","[46.87122, 101.00351, 70.92292]"
1MVC_A_8_110,ER,89.2,78.4,1.56,30,"[0.76735, -0.2293, 0.59883]","[0.43332, 0.87381, -0.22068]","[-0.47266, 0.42882, 0.76988]","[-4.23703, 14.6156, 43.05654]"
1N4H_A,ER,80.7,81.7,1.867,17,"[-0.32162, 0.90011, -0.29388]","[-0.89767, -0.19112, 0.39706]","[0.30123, 0.39151, 0.86947]","[50.26023, 26.26762, 25.7232]"
1N4H_A_2_010,ER,80.7,81.7,1.867,17,"[0.32162, -0.90011, -0.29387]","[0.89767, 0.19112, 0.39707]","[-0.30124, -0.39151, 0.86947]","[-24.16048, 31.85747, 78.74251]"
1N4H_A_3_100,ER,80.7,81.7,1.867,17,"[0.32163, 0.90011, 0.29387]","[0.89767, -0.19112, -0.39706]","[-0.30124, 0.39151, -0.86947]","[1.93876, 55.33009, 27.29636]"
1N4H_A_3_1-10,ER,80.7,81.7,1.867,17,"[0.32163, 0.90011, 0.29387]","[0.89767, -0.19112, -0.39706]","[-0.30124, 0.39151, -0.86947]","[1.93876, -2.79491, 27.29636]"
1N4H_A_4_-110,ER,80.7,81.7,1.867,17,"[-0.32162, -0.90011, 0.29387]","[-0.89767, 0.19112, -0.39707]","[0.30124, -0.39151, -0.86947]","[24.16044, 60.91996, -25.72309]"
1N4H_A_4_-100,ER,80.7,81.7,1.867,17,"[-0.32162, -0.90011, 0.29387]","[-0.89767, 0.19112, -0.39707]","[0.30124, -0.39151, -0.86947]","[24.16044, 2.79496, -25.72309]"
1N4H_A_4_000,ER,80.7,81.7,1.867,17,"[-0.32162, -0.90011, 0.29387]","[-0.89767, 0.19112, -0.39707]","[0.30124, -0.39151, -0.86947]","[76.35944, 2.79496, -25.72309]"
1N4H_A_4_010,ER,80.7,81.7,1.867,17,"[-0.32162, -0.90011, 0.29387]","[-0.89767, 0.19112, -0.39707]","[0.30124, -0.39151, -0.86947]","[76.35944, 60.91996, -25.72309]"
1N83_A,AR,82.1,82.4,2.123,12,"[-0.45233, 0.24291, -0.85813]","[0.1028, 0.96998, 0.22038]","[0.8859, 0.01147, -0.46373]","[27.40794, 7.16983, 46.68934]"
1N83_A_2_0-10,AR,82.1,82.4,2.123,12,"[0.45233, 0.24291, 0.85813]","[-0.1028, 0.96998, -0.22038]","[-0.8859, 0.01147, 0.46373]","[-27.40794, -17.68017, -46.68934]"
1N83_A_2_1-11,AR,82.1,82.4,2.123,12,"[0.45233, 0.24291, 0.85813]","[-0.1028, 0.96998, -0.22038]","[-0.8859, 0.01147, 0.46373]","[18.55406, -17.68017, 13.16166]"
1N83_A_2_101,AR,82.1,82.4,2.123,12,"[0.45233, 0.24291, 0.85813]","[-0.1028, 0.96998, -0.22038]","[-0.8859, 0.01147, 0.46373]","[18.55406, 32.01983, 13.16166]"
1N83_A_2_000,AR,82.1,82.4,2.123,12,"[0.45233, 0.24291, 0.85813]","[-0.1028, 0.96998, -0.22038]","[-0.8859, 0.01147, 0.46373]","[-27.40794, 32.01983, -46.68934]"
1N83_A_2_1-10,AR,82.1,82.4,2.123,12,"[0.45233, 0.24291, 0.85813]","[-0.1028, 0.96998, -0.22038]","[-0.8859, 0.01147, 0.46373]","[27.39206, -17.68017, -46.68934]"
1N83_A_2_100,AR,82.1,82.4,2.123,12,"[0.45233, 0.24291, 0.85813]","[-0.1028, 0.96998, -0.22038]","[-0.8859, 0.01147, 0.46373]","[27.39206, 32.01983, -46.68934]"
1NDE_A,ER,97.0,92.9,1.231,56,"[0.70047, 0.29061, -0.65184]","[-0.38483, -0.61538, -0.6879]","[-0.60104, 0.7327, -0.31922]","[85.21232, 32.38873, -93.33619]"
1NDE_A_6_00-1,ER,97.0,92.9,1.231,56,"[0.70047, -0.29061, 0.65184]","[-0.38483, 0.61538, 0.6879]","[-0.60104, -0.7327, 0.31922]","[85.21232, -32.38873, -145.96381]"
1NDE_A_12_0-1-1,ER,97.0,92.9,1.231,56,"[0.60191, 0.46132, 0.65184]","[-0.72536, -0.02558, 0.6879]","[0.33402, -0.88686, 0.31922]","[103.43469, 0.82679, -106.08076]"
1NDE_A_12_0-2-1,ER,97.0,92.9,1.231,56,"[0.60191, 0.46132, 0.65184]","[-0.72536, -0.02558, 0.6879]","[0.33402, -0.88687, 0.31922]","[136.21367, -55.94812, -106.08079]"
1NHZ_A,GR,90.8,85.1,0.764,98,"[0.70387, 0.63143, -0.32536]","[-0.00226, 0.46003, 0.8879]","[0.71032, -0.62423, 0.32523]","[-32.66379, -1.92445, 3.68162]"
1NHZ_A_2_000,GR,90.8,85.1,0.764,98,"[-0.70387, -0.63143, -0.32536]","[0.00226, -0.46003, 0.8879]","[-0.71032, 0.62423, 0.32523]","[32.66379, 1.92445, 3.68162]"
1NHZ_A_2_00-1,GR,90.8,85.1,0.764,98,"[-0.70387, -0.63143, -0.32536]","[0.00226, -0.46003, 0.8879]","[-0.71032, 0.62423, 0.32523]","[32.66379, 1.92445, -35.57938]"
1NHZ_A_4_000,GR,90.8,85.1,0.764,98,"[0.70387, -0.63143, 0.32536]","[-0.00225, -0.46003, -0.8879]","[0.71033, 0.62423, -0.32522]","[4.76573, 56.80654, -3.68178]"
1NHZ_A_4_-100,GR,90.8,85.1,0.764,98,"[0.70387, -0.63143, 0.32536]","[-0.00225, -0.46003, -0.8879]","[0.71033, 0.62423, -0.32522]","[-70.09327, 56.80654, -3.68178]"
1NQ7_A,ER,80.7,81.7,1.834,18,"[-0.31585, 0.90161, -0.29552]","[-0.90077, -0.18709, 0.39193]","[0.29808, 0.38998, 0.87124]","[50.48163, 26.21639, 25.87315]"
1NQ7_A_3_100,ER,80.7,81.7,1.834,18,"[0.31585, 0.90161, 0.29552]","[0.90077, -0.18709, -0.39193]","[-0.29808, 0.38998, -0.87124]","[2.34136, 55.3879, 26.96085]"
1NQ7_A_3_1-10,ER,80.7,81.7,1.834,18,"[0.31585, 0.90161, 0.29552]","[0.90077, -0.18709, -0.39193]","[-0.29808, 0.38998, -0.87124]","[2.34136, -2.9551, 26.96085]"
1NQ7_A_4_-110,ER,80.7,81.7,1.834,18,"[-0.31585, -0.90161, 0.29552]","[-0.90077, 0.18709, -0.39192]","[0.29807, -0.38999, -0.87124]","[24.06975, 61.29801, -25.87324]"
1NQ7_A_4_-100,ER,80.7,81.7,1.834,18,"[-0.31585, -0.90161, 0.29552]","[-0.90077, 0.18709, -0.39192]","[0.29807, -0.38999, -0.87124]","[24.06975, 2.95501, -25.87324]"
1NQ7_A_4_000,ER,80.7,81.7,1.834,18,"[-0.31585, -0.90161, 0.29552]","[-0.90077, 0.18709, -0.39192]","[0.29807, -0.38999, -0.87124]","[76.89275, 2.95501, -25.87324]"
1NQ7_A_4_010,ER,80.7,81.7,1.834,18,"[-0.31585, -0.90161, 0.29552]","[-0.90077, 0.18709, -0.39192]","[0.29807, -0.38999, -0.87124]","[76.89275, 61.29801, -25.87324]"
1OVL_A,ER,82.9,78.4,1.85,22,"[0.49645, 0.03989, -0.86715]","[-0.43131, 0.87824, -0.20654]","[0.75333, 0.47655, 0.45321]","[18.08855, -7.92336, 12.41451]"
1OVL_B_1_000,ER,81.8,80.1,1.86,21,"[-0.37044, 0.26436, 0.89044]","[0.82962, 0.52531, 0.18918]","[-0.41774, 0.8088, -0.41392]","[-22.35515, 3.13831, -0.7121]"
1OVL_C_1_0-10,ER,85.4,80.1,2.043,21,"[-0.28037, 0.34722, 0.89489]","[0.92869, 0.33389, 0.16141]","[-0.24275, 0.87633, -0.41607]","[19.24722, -17.7212, -33.68954]"
1OVL_C_1_-1-10,ER,85.4,80.1,2.043,21,"[-0.28037, 0.34722, 0.89489]","[0.92869, 0.33389, 0.16141]","[-0.24275, 0.87633, -0.41607]","[-61.13578, -17.7212, -33.68954]"
1OVL_C_1_000,ER,85.4,80.1,2.043,21,"[-0.28037, 0.34722, 0.89489]","[0.92869, 0.33389, 0.16141]","[-0.24275, 0.87633, -0.41607]","[-20.94422, 51.89272, -33.6896]"
1OVL_E_1_000,AR,82.4,82.4,1.91,16,"[-0.77102, -0.44448, 0.45602]","[-0.43391, 0.89084, 0.13466]","[-0.46609, -0.09405, -0.87972]","[79.94301, 32.66099, -16.31516]"
1OVL_E_1_-1-10,AR,82.4,82.4,1.91,16,"[-0.77102, -0.44448, 0.45602]","[-0.43391, 0.89084, 0.13466]","[-0.46609, -0.09405, -0.87972]","[39.7513, -36.95294, -16.31516]"
1OVL_E_1_-100,AR,82.4,82.4,1.91,16,"[-0.77102, -0.44448, 0.45602]","[-0.43391, 0.89084, 0.13466]","[-0.46609, -0.09405, -0.87972]","[-0.43999, 32.66099, -16.31516]"
1OVL_B_3_00-1,ER,81.8,80.1,1.86,21,"[0.41417, 0.18863, 0.89044]","[0.04012, -0.98112, 0.18918]","[0.90932, -0.04263, -0.41392]","[13.89538, 17.79095, -76.50215]"
1OVL_B,ER,81.8,80.1,1.86,21,"[-0.37044, 0.26436, 0.89044]","[0.82962, 0.52531, 0.18918]","[-0.41774, 0.8088, -0.41392]","[-22.35515, 3.13831, -0.7121]"
1OVL_D_1_-100,ER,82.6,78.8,1.878,23,"[-0.25139, -0.41718, 0.87336]","[-0.58336, 0.78533, 0.20722]","[-0.77233, -0.45739, -0.44079]","[-40.95505, 3.23245, 5.30231]"
1OVL_D_1_-1-10,ER,82.6,78.8,1.878,23,"[-0.25139, -0.41718, 0.87336]","[-0.58336, 0.78533, 0.20722]","[-0.77233, -0.45739, -0.44079]","[-0.76373, -66.38155, 5.30231]"
1OVL_F_1_-1-10,ER,84.8,78.4,1.887,22,"[-0.1971, 0.41334, -0.88899]","[-0.70898, -0.68638, -0.16195]","[-0.67712, 0.59836, 0.42833]","[-36.04207, -1.85638, 53.81305]"
1OVL_C,ER,85.4,80.1,2.043,21,"[-0.28037, 0.34722, 0.89489]","[0.92869, 0.33389, 0.16141]","[-0.24275, 0.87633, -0.41607]","[-20.94422, 51.89272, -33.6896]"
1OVL_F_1_000,ER,84.8,78.4,1.887,22,"[-0.19709, 0.41333, -0.88899]","[-0.70898, -0.68638, -0.16195]","[-0.67713, 0.59836, 0.42833]","[4.14933, 67.75763, 53.81304]"
1OVL_F_3_01-1,ER,84.8,78.4,1.887,22,"[0.45651, -0.03598, -0.88899]","[-0.23993, 0.95719, -0.16194]","[0.85676, 0.28723, 0.42833]","[16.41365, 32.14147, -21.97697]"
1OVL_D,ER,82.6,78.8,1.878,23,"[-0.25139, -0.41718, 0.87336]","[-0.58336, 0.78533, 0.20722]","[-0.77233, -0.45739, -0.44079]","[39.42795, 3.23245, 5.30231]"
1OVL_E_2_100,AR,82.4,82.4,1.91,16,"[0.77045, -0.44548, 0.45602]","[-0.55453, -0.8212, 0.13466]","[0.3145, -0.35663, -0.87972]","[12.12624, 52.90216, 59.47479]"
1P8D_A,ER,84.6,84.2,1.987,19,"[0.31189, -0.68632, -0.65703]","[-0.88847, -0.45571, 0.05427]","[-0.33666, 0.56683, -0.75191]","[61.84341, 31.43511, 83.33263]"
1P8D_B_1_100,AR,89.1,85.2,1.944,20,"[-0.15557, 0.95376, -0.25718]","[-0.35119, 0.18994, 0.91683]","[0.92329, 0.23295, 0.30541]","[105.60254, -60.7556, 89.90233]"
1P8D_B_1_000,AR,89.1,85.2,1.944,20,"[-0.15557, 0.95376, -0.25718]","[-0.35119, 0.18994, 0.91683]","[0.92329, 0.23295, 0.30541]","[34.43654, -60.7556, 89.90233]"
1P8D_B_2_001,AR,89.1,85.2,1.944,20,"[-0.15557, -0.95376, 0.25718]","[-0.35119, -0.18994, -0.91683]","[0.92329, -0.23295, -0.30541]","[34.43654, 60.7556, 57.65767]"
1P8D_A_3_101,ER,84.6,84.2,1.987,19,"[-0.31189, -0.68632, 0.65703]","[0.88847, -0.45571, -0.05427]","[0.33666, 0.56683, 0.75191]","[9.32259, 31.43511, 138.00737]"
1P8D_B_3_101,AR,89.1,85.2,1.944,20,"[0.15557, 0.95376, 0.25718]","[0.35119, 0.18994, -0.91683]","[-0.92329, 0.23295, -0.30541]","[36.72946, -60.7556, 131.43767]"
1P8D_B_5_000,AR,89.1,85.2,1.944,20,"[-0.15557, 0.95376, -0.25718]","[-0.35119, 0.18994, 0.91683]","[0.92329, 0.23295, 0.30541]","[70.01954, -0.7496, 89.90233]"
1P8D_B,AR,89.1,85.2,1.944,20,"[-0.15557, 0.95376, -0.25718]","[-0.35119, 0.18994, 0.91683]","[0.92329, 0.23295, 0.30541]","[34.43654, -60.7556, 89.90233]"
1P93_A,GR,98.8,95.7,0.743,99,"[-0.4027, -0.91473, 0.03324]","[-0.91517, 0.40304, 0.00396]","[-0.01702, -0.02883, -0.99944]","[64.07228, 37.3591, 9.56032]"
1P93_B_1_000,GR,99.6,95.7,0.727,99,"[-0.52086, -0.85355, -0.01234]","[0.85363, -0.52088, -0.00204]","[-0.00468, -0.0116, 0.99992]","[64.09378, 37.32449, 26.6571]"
1P93_C_1_000,GR,99.6,96.5,0.718,98,"[-0.99865, 0.0474, 0.02111]","[-0.04571, -0.99617, 0.07459]","[0.02457, 0.07352, 0.99699]","[63.09178, 35.05809, 9.27871]"
1P93_D_1_000,GR,99.6,96.5,0.8,98,"[-0.99053, -0.13728, 0.00339]","[-0.13727, 0.98906, -0.054]","[0.00406, -0.05396, -0.99853]","[62.98285, 38.31483, -3.99601]"
1P93_C_3_00-1,GR,99.6,96.5,0.718,98,"[0.54038, 0.84116, 0.02111]","[-0.83985, 0.53767, 0.07459]","[0.05139, -0.05804, 0.99699]","[-1.18469, -72.16816, -21.32131]"
1P93_B,GR,99.6,95.7,0.727,99,"[-0.52086, -0.85355, -0.01234]","[0.85363, -0.52088, -0.00204]","[-0.00468, -0.0116, 0.99992]","[64.09378, 37.32449, 26.6571]"
1P93_C_2_100,GR,99.6,96.5,0.718,98,"[0.45828, -0.88856, 0.02111]","[0.88556, 0.4585, 0.07459]","[-0.07596, -0.01549, 0.99699]","[65.49283, 37.11, 39.87875]"
1P93_D_2_100,GR,99.6,96.5,0.8,98,"[0.61416, -0.78918, 0.00339]","[-0.78792, -0.61341, -0.05401]","[0.0447, 0.03049, -0.99853]","[62.72689, 35.38733, 26.60397]"
1P93_D_3_000,GR,99.6,96.5,0.8,98,"[0.37637, 0.92646, 0.00339]","[0.92518, -0.37565, -0.05401]","[-0.04876, 0.02347, -0.99853]","[1.69021, -73.70216, 57.20399]"
1P93_C,GR,99.6,96.5,0.718,98,"[-0.99865, 0.0474, 0.02111]","[-0.04571, -0.99617, 0.07459]","[0.02457, 0.07352, 0.99699]","[63.09178, 35.05809, 9.27871]"
1PCG_A,ER,92.2,88.8,0.842,95,"[0.0165, 0.81067, 0.58527]","[-0.54522, -0.48337, 0.6849]","[0.83813, -0.3304, 0.43402]","[54.52424, 26.39004, 0.67435]"
1PCG_B_1_000,ER,91.8,92.5,0.829,95,"[-0.47449, 0.48037, -0.73764]","[0.75723, -0.20455, -0.62029]","[-0.44885, -0.85288, -0.26669]","[-11.55589, 10.28459, 49.17657]"
1PCG_A_2_010,ER,92.2,88.8,0.842,95,"[0.0165, -0.81067, -0.58527]","[-0.54522, 0.48337, -0.6849]","[0.83813, 0.3304, -0.43402]","[54.52424, 76.04196, -0.67435]"
1PCG_A_5_000,ER,92.2,88.8,0.842,95,"[0.0165, 0.81067, 0.58527]","[-0.54522, -0.48337, 0.6849]","[0.83813, -0.3304, 0.43402]","[81.42866, 77.60604, 0.67433]"
1PCG_A_5_-1-10,ER,92.2,88.8,0.842,95,"[0.0165, 0.81067, 0.58527]","[-0.54522, -0.48337, 0.6849]","[0.83813, -0.3304, 0.43402]","[27.61966, -24.82596, 0.67433]"
1PCG_B_5_0-10,ER,91.8,92.5,0.829,95,"[-0.47448, 0.48037, -0.73764]","[0.75723, -0.20455, -0.62029]","[-0.44885, -0.85288, -0.26669]","[15.34846, -40.93133, 49.17653]"
1PCG_A_6_000,ER,92.2,88.8,0.842,95,"[0.0165, -0.81067, -0.58527]","[-0.54522, 0.48337, -0.6849]","[0.83813, 0.3304, -0.43402]","[81.42866, 24.82596, -0.67433]"
1PCG_A_6_-100,ER,92.2,88.8,0.842,95,"[0.0165, -0.81067, -0.58527]","[-0.54522, 0.48337, -0.6849]","[0.83813, 0.3304, -0.43402]","[27.61966, 24.82596, -0.67433]"
1PCG_B,ER,91.8,92.5,0.829,95,"[-0.47449, 0.48037, -0.73764]","[0.75723, -0.20455, -0.62029]","[-0.44885, -0.85288, -0.26669]","[-11.55589, 10.28459, 49.17657]"
1PCG_B_3_100,ER,91.8,92.5,0.829,95,"[0.47449, 0.48037, 0.73764]","[-0.75723, -0.20455, 0.62029]","[0.44885, -0.85288, 0.26669]","[65.36489, 10.28459, 48.48643]"
1PCG_B_3_000,ER,91.8,92.5,0.829,95,"[0.47449, 0.48037, 0.73764]","[-0.75723, -0.20455, 0.62029]","[0.44885, -0.85288, 0.26669]","[11.55589, 10.28459, 48.48643]"
1PZL_A,ER,84.1,79.3,1.737,24,"[-0.99235, -0.01268, 0.12278]","[-0.10205, -0.47529, -0.87389]","[0.06944, -0.87974, 0.47036]","[94.00212, 4.93378, 65.15817]"
1PZL_A_4_-100,ER,84.1,79.3,1.737,24,"[-0.99235, 0.01268, -0.12278]","[-0.10205, 0.47528, 0.87389]","[0.06944, 0.87974, -0.47035]","[53.25633, 35.81187, 13.37385]"
1PZL_A_4_000,ER,84.1,79.3,1.737,24,"[-0.99235, 0.01268, -0.12278]","[-0.10205, 0.47528, 0.87389]","[0.06944, 0.87974, -0.47035]","[134.74733, 35.81187, 13.37385]"
1PZL_A_7_1-11,ER,84.1,79.3,1.737,24,"[-0.01268, -0.99235, -0.12278]","[-0.47529, -0.10205, 0.87389]","[-0.87974, 0.06944, -0.47036]","[86.42478, 12.51112, 39.55083]"
1PZL_A_8_110,ER,84.1,79.3,1.737,24,"[0.01268, 0.99235, -0.12278]","[0.47529, 0.10205, 0.87389]","[0.87974, -0.06944, -0.47036]","[76.55723, -12.51111, -12.80367]"
1QKM_A,ER,93.0,88.8,1.192,54,"[-0.6953, 0.31225, 0.64734]","[0.39674, -0.58428, 0.70797]","[0.59929, 0.74908, 0.28237]","[44.97871, 31.27385, 97.45045]"
1QKM_A_6_001,ER,93.0,88.8,1.192,54,"[-0.6953, -0.31225, -0.64734]","[0.39674, 0.58428, -0.70797]","[0.59929, -0.74908, -0.28237]","[44.97871, -31.27385, 152.77955]"
1QKM_A_10_110,ER,93.0,88.8,1.192,54,"[-0.61807, 0.44602, -0.64734]","[0.70437, -0.05144, -0.70797]","[-0.34907, -0.89354, -0.28237]","[26.96546, 0.07384, 111.07456]"
1QKM_A_10_000,ER,93.0,88.8,1.192,54,"[-0.61807, 0.44602, -0.64734]","[0.70437, -0.05144, -0.70797]","[-0.34907, -0.89354, -0.28237]","[-4.59456, -54.58963, 111.07458]"
1QKT_A,ER,91.9,94.6,0.745,95,"[-0.84713, -0.05856, 0.52815]","[-0.12373, -0.94485, -0.30322]","[0.51678, -0.32222, 0.79317]","[29.63275, 59.03989, 181.08212]"
1QKT_A_2_10-1,ER,91.9,94.6,0.745,95,"[-0.37285, -0.76291, 0.52815]","[0.7564, -0.57958, -0.30322]","[0.53744, 0.28644, 0.79317]","[22.29631, 55.18269, 135.07912]"
1QKT_A_3_010,ER,91.9,94.6,0.745,95,"[-0.47427, 0.70436, 0.52815]","[-0.88013, -0.36527, -0.30322]","[-0.02066, -0.60865, 0.79317]","[36.64139, 54.61491, 227.08515]"
1QKT_A_6_121,ER,91.9,94.6,0.745,95,"[-0.84713, 0.05856, -0.52815]","[-0.12373, 0.94485, 0.30322]","[0.51678, 0.32222, -0.79317]","[29.63275, 42.47512, 94.93787]"
1QKT_A_10_221,ER,91.9,94.6,0.745,95,"[-0.37285, 0.76291, -0.52815]","[0.7564, 0.57958, 0.30322]","[0.53744, -0.28644, -0.79317]","[22.29633, 46.33284, 140.9409]"
1QKT_A_10_111,ER,91.9,94.6,0.732,96,"[-0.37041, 0.76615, -0.52517]","[0.76181, 0.57406, 0.30016]","[0.53145, -0.2889, -0.7963]","[-7.32434, -4.33874, 140.94484]"
1QKT_A_10_121,ER,91.9,94.6,0.745,95,"[-0.37285, 0.76291, -0.52815]","[0.7564, 0.57958, 0.30322]","[0.53744, -0.28644, -0.79317]","[-36.31367, 46.33284, 140.9409]"
1QKT_A_10_211,ER,91.9,94.6,0.732,96,"[-0.37041, 0.76615, -0.52517]","[0.76181, 0.57406, 0.30016]","[0.53145, -0.2889, -0.7963]","[51.28566, -4.33874, 140.94484]"
1QKU_A,ER,88.4,91.7,0.806,96,"[0.6921, -0.24387, -0.67935]","[-0.3627, -0.93124, -0.03521]","[-0.62405, 0.27076, -0.73297]","[81.87329, 41.3617, 17.56729]"
1QKU_C_1_000,ER,89.1,91.3,0.782,94,"[-0.23771, -0.69984, -0.67359]","[-0.93694, 0.34811, -0.03104]","[0.2562, 0.62373, -0.73846]","[93.2191, 55.00744, 43.44769]"
1QKU_B_2_10-1,ER,89.5,91.7,0.792,96,"[0.4656, 0.55006, 0.69329]","[-0.78787, 0.61444, 0.04162]","[-0.40309, -0.5656, 0.71946]","[53.39589, -17.82549, 7.84112]"
1QKU_A_4_000,ER,88.4,91.7,0.806,96,"[0.6921, 0.24387, 0.67935]","[-0.3627, 0.93124, 0.03521]","[-0.62405, -0.27076, 0.73297]","[81.87329, -41.3617, 27.79271]"
1QKU_B_4_110,ER,89.5,91.7,0.792,96,"[0.24357, 0.67825, -0.69329]","[0.92605, -0.3751, -0.04162]","[-0.28828, -0.63188, -0.71946]","[63.36474, 37.32979, -7.84117]"
1QKU_A_5_210,ER,88.4,91.7,0.806,96,"[-0.13485, -0.72132, 0.67935]","[0.98783, -0.15152, 0.0352]","[0.07754, 0.67583, 0.73297]","[81.49312, 41.14221, 73.15278]"
1QKU_B,ER,89.5,91.7,0.792,96,"[0.24357, -0.67825, 0.69329]","[0.92605, 0.3751, 0.04162]","[-0.28828, 0.63188, 0.71946]","[10.61474, 54.03621, 53.20117]"
1QKU_C_2_10-1,ER,89.1,91.3,0.782,94,"[0.72493, 0.14406, -0.67359]","[0.167, -0.98547, -0.03103]","[-0.66827, -0.08999, -0.73846]","[11.25256, 53.22636, -1.91232]"
1QKU_C,ER,89.1,91.3,0.782,94,"[-0.23771, -0.69984, -0.67359]","[-0.93694, 0.34811, -0.03104]","[0.2562, 0.62373, -0.73846]","[93.2191, 55.00744, 43.44769]"
1QKU_C_5_210,ER,89.1,91.3,0.782,94,"[0.72493, -0.14406, 0.67359]","[0.167, 0.98547, 0.03103]","[-0.66827, 0.08999, 0.73846]","[64.00255, 38.13936, 47.27235]"
1R5K_A,ER,95.3,93.4,0.761,96,"[-0.34454, -0.30421, -0.88811]","[-0.43422, -0.78712, 0.43807]","[-0.83231, 0.53657, 0.1391]","[-19.07364, 81.37491, 346.00661]"
1R5K_B_1_000,ER,95.3,92.9,0.665,96,"[0.95113, -0.05041, -0.30465]","[0.1112, 0.97631, 0.18563]","[0.28807, -0.21044, 0.9342]","[-31.9157, 0.83311, 363.50354]"
1R5K_C_1_000,ER,96.2,93.8,0.791,94,"[-0.39084, 0.73078, -0.55965]","[0.76557, 0.59565, 0.24313]","[0.51103, -0.33342, -0.79226]","[18.70127, 24.14403, 310.26949]"
1R5K_C_6_012,ER,96.2,93.8,0.79,94,"[-0.39084, -0.73078, 0.55965]","[0.76557, -0.59565, -0.24313]","[0.51103, 0.33342, 0.79226]","[-49.31443, 93.66196, 404.98252]"
1R5K_B,ER,95.3,92.9,0.665,96,"[0.95113, -0.05041, -0.30465]","[0.1112, 0.97631, 0.18563]","[0.28807, -0.21044, 0.9342]","[-31.9157, 0.83311, 363.50354]"
