ID,best_fit,coverage (%),rmsd,identity (%),Rx,Ry,Rz,T
1XOW_A,AR,100,0.434,100,"[-0.61988, 0.20237, 0.75816]","[-0.7667, 0.04955, -0.64009]","[-0.1671, -0.97805, 0.12444]","[53.58183, 7.78028, -16.5832]"
4HEE_X,GR,81,1.858,19,"[-0.04976, 0.65601, 0.75311]","[-0.99858, -0.04719, -0.02487]","[0.01923, -0.75327, 0.65743]","[-8.19394, -28.57782, -17.41738]"
6OR1_A,GR,88,2.072,21,"[0.28773, 0.86116, -0.41906]","[0.82567, -0.44476, -0.34706]","[-0.48526, -0.24615, -0.83901]","[0.31348, 6.98977, 39.25106]"
7UJF_B,GR,84,1.452,28,"[-0.42658, -0.82877, -0.36216]","[-0.1482, -0.33096, 0.93193]","[-0.89222, 0.45122, 0.01835]","[40.18173, 32.88013, -10.50837]"
7UJF_A,GR,85,1.41,28,"[0.43065, -0.82555, 0.36471]","[0.14204, -0.33707, -0.9307]","[0.89127, 0.45261, -0.0279]","[-40.32819, 32.72912, -26.40325]"
7UJF_C,GR,85,1.538,28,"[0.49795, -0.78826, -0.3615]","[0.20685, -0.29687, 0.93225]","[-0.84217, -0.53899, 0.01522]","[-7.98323, 17.41252, -56.67084]"
7UJF_D,GR,86,1.521,28,"[0.92761, -0.04483, 0.37086]","[0.36848, -0.05346, -0.9281]","[0.06143, 0.99756, -0.03307]","[-48.44185, -52.11418, -72.71619]"
5DKG_A,GR,93,1.54,27,"[0.75982, 0.62759, -0.16973]","[0.64695, -0.7557, 0.10189]","[-0.06432, -0.18722, -0.98021]","[-46.71502, -37.52526, 11.79747]"
5DKG_B,GR,91,1.503,28,"[0.69408, -0.0827, 0.71513]","[-0.02003, 0.99078, 0.13401]","[-0.71962, -0.10734, 0.68602]","[-23.80063, -21.86815, -64.77051]"
2NV7_A,GR,96,1.529,27,"[-0.87711, -0.28127, -0.3893]","[-0.27938, 0.95813, -0.0628]","[0.39066, 0.05368, -0.91897]","[53.67538, 37.11071, 63.70824]"
2NV7_B,GR,96,1.466,27,"[-0.67825, 0.49259, 0.54528]","[-0.51884, -0.8465, 0.11935]","[0.52037, -0.20196, 0.82972]","[43.4437, 22.69906, -18.77564]"
5KCD_A,GR,94,1.592,28,"[-0.90517, 0.40169, 0.139]","[-0.40663, -0.91356, -0.00795]","[0.12379, -0.06371, 0.99026]","[53.35956, 10.57616, -9.8142]"
5KCD_B,GR,94,1.55,27,"[-0.66137, -0.34192, -0.66759]","[-0.24353, 0.93972, -0.24004]","[0.70942, 0.00382, -0.70477]","[28.19602, 26.93464, 65.56022]"
8DSY_A,AR,80,2.099,16,"[-0.36484, -0.80816, 0.46235]","[0.21281, -0.55582, -0.8036]","[0.90642, -0.19479, 0.37477]","[-5.49039, 45.25349, 118.9346]"
4DM8_A,GR,81,1.694,18,"[-0.09552, -0.8691, 0.48532]","[0.71408, 0.27985, 0.6417]","[-0.69352, 0.40785, 0.59388]","[18.546, 34.63549, -4.84102]"
4DM8_B,GR,83,1.744,17,"[0.88517, -0.46475, -0.02187]","[-0.43165, -0.80277, -0.4114]","[0.17364, 0.3736, -0.91119]","[-36.31126, 26.66079, 61.08586]"
3CQV_A,GR,83,1.911,18,"[0.37362, -0.46069, -0.80509]","[0.2205, 0.88718, -0.40533]","[0.90099, -0.02609, 0.43305]","[34.68066, 15.2053, 79.72897]"
6WOK_D,GR,87,1.559,28,"[0.58459, -0.77951, 0.22496]","[-0.32636, 0.02792, 0.94483]","[-0.74279, -0.62576, -0.23808]","[14.91679, 35.65916, 24.65633]"
6WOK_A,GR,89,1.675,28,"[0.56945, 0.18505, 0.80092]","[0.81567, -0.24811, -0.52261]","[0.102, 0.95089, -0.29223]","[-12.58238, -40.16216, 12.3772]"
6WOK_C,GR,87,1.595,28,"[0.58663, 0.77967, -0.21903]","[-0.32689, -0.01948, -0.94486]","[-0.74095, 0.62589, 0.24344]","[14.52755, -47.45206, 7.84149]"
6WOK_B,GR,86,1.523,27,"[0.56778, -0.20044, -0.7984]","[0.81702, 0.25562, 0.51685]","[0.10049, -0.94577, 0.3089]","[-12.85859, 29.15521, 20.39835]"
7KBS_A,GR,84,1.647,28,"[0.7915, 0.52881, -0.30642]","[0.26139, 0.16029, 0.95183]","[0.55245, -0.83347, -0.01135]","[-34.89817, -37.8701, 28.90926]"
7KBS_B,GR,87,1.673,28,"[0.02322, 0.90441, 0.42604]","[0.08662, 0.42273, -0.90211]","[-0.99597, 0.05785, -0.06852]","[35.48794, -76.28697, 12.72814]"
1ZDT_A,AR,91,2.145,22,"[0.52524, 0.52401, -0.67048]","[-0.41689, -0.52843, -0.73957]","[-0.74184, 0.66797, -0.0591]","[-6.26235, -7.66593, 110.65066]"
1ZDT_B,AR,88,2.012,21,"[-0.26626, -0.3151, 0.91094]","[-0.89909, -0.25949, -0.35255]","[0.34747, -0.91289, -0.21421]","[27.62248, -3.5378, 64.68879]"
4IV2_A,GR,94,1.692,27,"[-0.76279, 0.62728, 0.15705]","[-0.64388, -0.75922, -0.0949]","[0.0597, -0.17351, 0.98302]","[47.22783, 1.46096, -11.59082]"
4IV2_B,GR,91,1.497,27,"[-0.69763, -0.10769, -0.70832]","[-0.01038, 0.99006, -0.1403]","[0.71639, -0.09052, -0.69181]","[24.70393, 18.25232, 64.13231]"
5X8U_A,AR,82,2.051,15,"[0.48646, 0.38339, -0.78509]","[0.17013, -0.92295, -0.34529]","[-0.85698, 0.0344, -0.5142]","[47.13442, 34.21156, 57.46601]"
8P9X_A,GR,83,1.832,15,"[0.09008, 0.62972, 0.77158]","[-0.44086, -0.66948, 0.59786]","[0.89305, -0.39401, 0.21731]","[-37.59836, 8.90871, -38.77023]"
7RS8_A,GR,87,1.546,28,"[0.57893, 0.78498, -0.22054]","[-0.32413, -0.02663, -0.94564]","[-0.74818, 0.61894, 0.23902]","[-7.28066, -41.23989, -10.03687]"
7RS8_B,GR,85,1.563,28,"[0.56177, -0.19053, -0.80505]","[0.81809, 0.27268, 0.50633]","[0.12306, -0.94305, 0.30906]","[-35.01364, 34.69287, 3.00655]"
7RS8_C,GR,86,1.58,28,"[0.58456, -0.78303, 0.21251]","[-0.31578, 0.0217, 0.94858]","[-0.74738, -0.62161, -0.23458]","[-31.36971, 48.12888, -83.3024]"
7RS8_D,GR,87,1.473,29,"[0.5611, 0.18551, 0.80669]","[0.81795, -0.27373, -0.50599]","[0.12695, 0.94375, -0.30533]","[-59.01202, -27.33499, -96.80086]"
5DXM_A,GR,92,1.51,27,"[-0.77486, 0.61063, 0.16346]","[-0.62877, -0.77116, -0.09978]","[0.06512, -0.1801, 0.98149]","[46.86088, -13.18187, -11.62512]"
5DXM_B,GR,93,1.567,27,"[-0.69478, -0.10574, -0.71141]","[0.00813, 0.98792, -0.15477]","[0.71917, -0.11331, -0.68553]","[23.36047, 2.94284, 64.84765]"
7APO_A,GR,83,1.663,17,"[-0.63924, 0.37479, 0.67149]","[-0.26923, -0.92701, 0.2611]","[0.72034, -0.01387, 0.69349]","[-3.10755, -3.51308, -75.36723]"
7APO_B,GR,83,1.625,17,"[-0.91368, -0.37953, -0.14541]","[-0.37774, 0.92501, -0.04079]","[0.14999, 0.01766, -0.98853]","[22.81104, 14.08354, 1.43602]"
7NEC_A,AR,80,2.112,14,"[0.70758, -0.52539, 0.47254]","[-0.20882, 0.48339, 0.85014]","[-0.67508, -0.70021, 0.23232]","[-17.28349, -17.36327, -32.1962]"
6LIT_A,GR,99,1.634,24,"[-0.81458, -0.23239, 0.53146]","[0.32555, -0.94149, 0.0873]","[0.48008, 0.24413, 0.84257]","[25.59909, 15.21227, -30.6344]"
6LIT_B,GR,98,1.612,24,"[-0.37939, -0.7589, -0.52928]","[-0.8636, 0.49576, -0.0918]","[0.33206, 0.42226, -0.84347]","[20.02851, 22.01976, 57.67866]"
5DUH_A,GR,93,1.523,27,"[0.90459, 0.40455, -0.13434]","[0.40914, -0.91244, 0.00726]","[-0.11964, -0.06154, -0.99091]","[-35.00831, -9.02049, 37.36077]"
5DUH_B,GR,94,1.524,27,"[0.65101, -0.33972, 0.6788]","[0.24957, 0.94034, 0.23126]","[-0.71687, 0.01885, 0.69695]","[-9.05854, 7.28399, -38.17483]"
1U3S_A,GR,96,1.511,28,"[-0.87951, -0.2862, -0.3802]","[-0.27844, 0.9574, -0.07658]","[0.38592, 0.03851, -0.92173]","[53.84124, 37.20848, 62.83973]"
1U3S_B,GR,96,1.428,27,"[-0.69923, 0.48458, 0.5256]","[-0.49736, -0.85786, 0.12924]","[0.51352, -0.17104, 0.84086]","[44.55456, 22.74398, -18.3944]"
4POJ_A,GR,94,1.709,22,"[-0.20459, 0.92011, -0.33397]","[-0.18906, 0.29762, 0.93578]","[0.96042, 0.25459, 0.11307]","[58.81178, 12.19874, 32.16866]"
3GYT_A,GR,81,2.196,15,"[-0.87185, -0.41355, -0.26242]","[-0.0937, 0.66673, -0.73939]","[0.48073, -0.62004, -0.62004]","[20.16795, -22.7837, 21.27828]"
1OVL_A,AR,91,2.066,17,"[-0.44199, 0.77405, 0.4533]","[0.89671, 0.39458, 0.20056]","[-0.02362, 0.49512, -0.8685]","[7.94956, -39.0736, -23.51363]"
1OVL_B,AR,88,1.937,16,"[0.7642, 0.4444, -0.46745]","[-0.56017, 0.81655, -0.13949]","[0.3197, 0.36845, 0.87295]","[-28.49477, -29.40113, 34.22951]"
1OVL_C,AR,89,1.924,16,"[0.82649, 0.25077, -0.50401]","[-0.36764, 0.91845, -0.1459]","[0.42632, 0.30588, 0.85128]","[-33.03631, 22.49303, 2.53283]"
1OVL_D,AR,90,2.028,17,"[-0.50034, 0.73498, -0.45767]","[-0.7599, -0.62611, -0.17474]","[-0.41499, 0.26036, 0.87178]","[72.33601, -1.31423, 41.01009]"
1OVL_E,GR,80,2.049,16,"[-0.76627, -0.4535, 0.45516]","[-0.45062, 0.88428, 0.12242]","[-0.458, -0.1113, -0.88196]","[79.63108, 33.27905, -16.183]"
1OVL_F,AR,89,1.787,17,"[-0.59192, -0.63565, 0.49556]","[-0.65946, 0.73545, 0.15566]","[-0.46341, -0.23467, -0.85451]","[35.98396, 65.9016, 17.68452]"
2Q6J_A,GR,92,1.695,27,"[-0.90452, 0.40527, 0.13268]","[-0.41278, -0.9102, -0.03383]","[0.10706, -0.08537, 0.99058]","[53.36733, -8.93487, -9.48702]"
2Q6J_B,GR,93,1.569,27,"[-0.67734, -0.33749, -0.6537]","[-0.2421, 0.94133, -0.23513]","[0.6947, -0.001, -0.7193]","[29.08162, 7.1805, 64.84307]"
5YXD_A,GR,87,1.952,19,"[0.01797, 0.67255, 0.73983]","[0.43239, 0.66195, -0.61226]","[-0.90151, 0.3309, -0.27891]","[14.10725, -15.82239, -29.27462]"
5KRL_A,GR,93,1.539,27,"[0.9073, 0.39793, -0.13584]","[0.40171, -0.91577, 0.00048]","[-0.1242, -0.055, -0.99073]","[-34.86632, -8.86106, 37.45627]"
5KRL_B,GR,93,1.47,27,"[0.67175, -0.33231, 0.66206]","[0.24164, 0.94315, 0.22822]","[-0.70026, 0.00667, 0.71386]","[-10.11889, 6.99215, -37.55647]"
4PP6_A,GR,94,1.5,27,"[-0.90728, 0.40138, 0.12548]","[-0.4036, -0.9149, 0.0083]","[0.11813, -0.04312, 0.99206]","[53.61032, 11.61198, -9.35983]"
4PP6_B,GR,93,1.558,27,"[-0.66578, -0.3288, -0.6698]","[-0.24338, 0.94427, -0.22161]","[0.70534, 0.01547, -0.7087]","[28.37861, 27.54197, 65.41026]"
2ZXZ_A,GR,95,1.716,21,"[-0.20785, 0.9134, -0.35]","[-0.20203, 0.31001, 0.92902]","[0.95707, 0.26381, 0.1201]","[56.78475, 11.12539, 32.34026]"
5MWP_A,GR,98,1.15,57,"[-0.64071, -0.73808, -0.2115]","[0.75614, -0.55878, -0.34061]","[0.13322, -0.37816, 0.91611]","[20.69288, 49.48697, 14.39098]"
2PIT_A,AR,100,0.66,100,"[-0.61269, 0.19533, 0.76581]","[-0.77334, 0.05165, -0.63189]","[-0.16298, -0.97938, 0.11941]","[53.49675, 8.02694, -16.67512]"
2PKL_A,AR,100,0.547,100,"[-0.59262, 0.18615, 0.78368]","[-0.78924, 0.06019, -0.61113]","[-0.16093, -0.98068, 0.11125]","[52.52339, 8.17373, -16.71652]"
5TOA_A,GR,90,1.53,28,"[-0.3059, -0.93815, 0.16218]","[0.91843, -0.33565, -0.20934]","[0.25082, 0.08491, 0.9643]","[18.75508, 74.03535, -0.1463]"
5TOA_B,GR,89,1.459,28,"[0.25524, -0.61505, -0.74604]","[-0.93562, -0.35173, -0.03013]","[-0.24387, 0.70569, -0.66522]","[20.82863, 46.20267, 74.61734]"
5NTQ_A,GR,80,2.235,14,"[0.80271, -0.21202, 0.55741]","[-0.48028, 0.32428, 0.81497]","[-0.35354, -0.9219, 0.15847]","[-4.81099, -19.73804, -35.29479]"
5NTQ_B,AR,81,1.92,14,"[-0.12751, -0.83823, -0.53019]","[-0.01586, 0.53621, -0.84393]","[0.99171, -0.0992, -0.08167]","[18.42146, -1.28433, -6.3042]"
6I62_A,GR,96,1.466,25,"[0.19963, 0.97985, -0.00666]","[0.49044, -0.10579, -0.86503]","[-0.84831, 0.16942, -0.50167]","[3.81389, -48.35635, 19.59287]"
3K23_A,GR,98,0.874,96,"[-0.6901, -0.54362, 0.47774]","[-0.71325, 0.39903, -0.57623]","[0.12262, -0.73841, -0.66311]","[85.59558, 27.056, -7.38084]"
3K23_B,GR,99,0.767,99,"[0.81315, -0.42453, -0.3982]","[-0.58118, -0.55476, -0.59537]","[0.03185, 0.71555, -0.69783]","[5.75622, 0.664, -2.95178]"
3K23_C,GR,98,0.971,99,"[0.65833, 0.73722, 0.152]","[0.68205, -0.4988, -0.5348]","[-0.31845, 0.45575, -0.83119]","[-3.74873, -21.4119, -45.37201]"
5DWE_A,GR,92,1.51,28,"[0.76514, 0.62222, -0.16553]","[0.64094, -0.76054, 0.10379]","[-0.06131, -0.18551, -0.98073]","[-46.73124, -38.42608, 11.87299]"
5DWE_B,GR,95,1.519,27,"[0.69895, -0.1044, 0.70751]","[-0.00104, 0.98914, 0.14698]","[-0.71517, -0.10347, 0.69125]","[-23.84342, -21.80241, -64.32393]"
2OZ7_A,AR,98,0.774,99,"[-0.59451, 0.17001, 0.78591]","[-0.78631, 0.08148, -0.61244]","[-0.16816, -0.98207, 0.08525]","[53.20515, 9.21614, -17.08544]"
6J3N_A,AR,81,2.047,15,"[-0.37435, 0.4956, -0.78374]","[0.92537, 0.14527, -0.35013]","[-0.05967, -0.85631, -0.513]","[27.59277, -14.94862, 18.42114]"
5Y49_A,GR,88,1.864,19,"[-0.99181, 0.01882, 0.1263]","[-0.10737, 0.41245, -0.90463]","[-0.06912, -0.91079, -0.40705]","[42.83346, -4.46737, 161.94518]"
5Y49_B,GR,88,1.937,19,"[0.04152, 0.01878, 0.99896]","[-0.90215, 0.43043, 0.02941]","[-0.42943, -0.90243, 0.03481]","[-26.02127, -2.03278, 84.16595]"
7YXP_A,GR,100,0.824,78,"[0.37857, 0.55965, -0.73721]","[-0.74464, -0.2889, -0.6017]","[-0.54973, 0.77674, 0.30737]","[4.1768, -42.75296, 7.25816]"
6A5Z_A,GR,89,1.994,19,"[0.7415, 0.60657, 0.28681]","[0.32489, 0.04941, -0.94446]","[-0.58705, 0.7935, -0.16043]","[-27.11187, -20.05702, 7.55108]"
6A5Z_D,GR,95,1.696,22,"[0.79495, -0.45781, -0.39807]","[0.42806, -0.0417, 0.90279]","[-0.42991, -0.88807, 0.16282]","[-32.95292, 67.5102, 15.93499]"
6A5Z_H,GR,88,1.96,19,"[0.57223, 0.76105, -0.30554]","[0.04305, 0.34418, 0.93792]","[0.81896, -0.54986, 0.16419]","[-44.15301, -6.95479, -35.92597]"
6A5Z_L,GR,96,1.693,22,"[-0.47986, 0.79892, 0.36259]","[-0.04236, 0.3917, -0.91912]","[-0.87632, -0.4564, -0.15412]","[43.04181, -10.27994, -43.57037]"
1YUC_A,GR,88,2.07,21,"[0.32955, 0.66267, 0.67251]","[0.57859, 0.42113, -0.69849]","[-0.74608, 0.61929, -0.24463]","[52.33848, -21.32959, 5.84166]"
1YUC_B,GR,87,1.894,21,"[-0.87383, -0.36253, 0.32402]","[0.12593, -0.81241, -0.56933]","[0.46963, -0.45669, 0.75556]","[56.29952, 9.68791, -1.62027]"
5M24_A,GR,82,1.712,18,"[0.10664, -0.59279, 0.79826]","[-0.78389, -0.54402, -0.29927]","[0.61167, -0.59384, -0.5227]","[35.13567, 45.08018, 67.95591]"
4RUP_A,GR,84,1.9,15,"[0.56047, 0.2105, 0.80098]","[-0.82104, 0.01452, 0.57069]","[0.1085, -0.97749, 0.18097]","[-9.16346, 36.95764, 4.66215]"
4DM6_A,GR,82,1.754,18,"[-0.05237, -0.89313, 0.44674]","[0.66851, 0.30098, 0.68008]","[-0.74186, 0.33426, 0.5813]","[17.42528, 35.60117, -5.16703]"
4DM6_B,GR,83,1.756,17,"[0.88011, -0.47381, -0.03016]","[-0.44607, -0.80349, -0.39423]","[0.16256, 0.36042, -0.91852]","[-36.15934, 27.1484, 58.3363]"
2QAB_A,GR,94,1.525,27,"[-0.65469, -0.34686, -0.67161]","[-0.25506, 0.93776, -0.23568]","[0.71156, 0.017, -0.70242]","[27.4682, 7.43698, 65.2895]"
2QAB_B,GR,91,1.522,27,"[-0.90717, 0.39967, 0.13157]","[-0.40224, -0.9155, 0.0076]","[0.12349, -0.04603, 0.99128]","[52.98225, -9.15626, -9.85512]"
8DU8_A,GR,86,1.597,27,"[-0.79475, 0.52769, 0.29987]","[-0.2533, 0.16061, -0.95396]","[-0.55156, -0.83411, 0.00602]","[76.74413, -11.81304, 13.96775]"
8DU8_B,GR,87,1.436,28,"[-0.00774, 0.89793, -0.44007]","[-0.07487, 0.43833, 0.89569]","[0.99716, 0.03988, 0.06383]","[5.24965, -49.94147, 30.6907]"
4J5W_C,GR,88,1.601,22,"[0.83289, -0.13046, 0.53785]","[0.25241, -0.77532, -0.57894]","[0.49253, 0.61795, -0.61282]","[-55.87173, -44.82346, -27.29059]"
4J5W_D,GR,87,1.581,22,"[-0.82904, 0.12565, 0.54488]","[-0.25327, 0.78436, -0.56624]","[-0.49854, -0.60744, -0.61845]","[90.95201, 20.02019, -28.11089]"
6DDA_B,AR,88,1.82,17,"[0.74617, 0.4768, 0.46465]","[0.47244, -0.87095, 0.13505]","[0.46908, 0.11874, -0.87514]","[-79.54163, 11.1807, 12.233]"
6DDA_A,AR,88,1.822,18,"[0.45801, -0.74839, -0.47973]","[0.7855, 0.59338, -0.17575]","[0.41619, -0.29634, 0.85963]","[-70.22057, 48.72148, 70.9072]"
6DDA_C,AR,89,1.851,18,"[0.62274, 0.60002, 0.50218]","[0.62269, -0.76868, 0.14626]","[0.47377, 0.22162, -0.85231]","[-36.60086, -17.57497, 44.75493]"
2P1V_A,GR,95,1.736,22,"[0.21757, -0.91519, -0.33926]","[0.19922, -0.29863, 0.93334]","[-0.9555, -0.27066, 0.11735]","[7.03265, 52.90974, 32.59511]"
2QA6_A,GR,90,1.495,26,"[0.64995, -0.34422, 0.67755]","[0.25658, 0.93859, 0.2307]","[-0.71535, 0.02391, 0.69836]","[-36.70311, 7.29094, -38.0764]"
2QA6_B,GR,91,1.513,27,"[0.90869, 0.39652, -0.13061]","[0.39959, -0.91669, -0.00295]","[-0.1209, -0.04951, -0.99143]","[-62.51927, -8.9464, 37.49141]"
1P93_A,GR,99,0.743,99,"[-0.4027, -0.91473, 0.03324]","[-0.91517, 0.40304, 0.00396]","[-0.01702, -0.02883, -0.99944]","[64.07228, 37.3591, 9.56032]"
1P93_B,GR,100,0.727,99,"[-0.52086, -0.85355, -0.01234]","[0.85363, -0.52088, -0.00204]","[-0.00468, -0.0116, 0.99992]","[64.09378, 37.32449, 26.6571]"
1P93_C,GR,100,0.718,98,"[-0.99865, 0.0474, 0.02111]","[-0.04571, -0.99617, 0.07459]","[0.02457, 0.07352, 0.99699]","[63.09178, 35.05809, 9.27871]"
1P93_D,GR,100,0.8,98,"[-0.99053, -0.13728, 0.00339]","[-0.13727, 0.98906, -0.054]","[0.00406, -0.05396, -0.99853]","[62.98285, 38.31483, -3.99601]"
7B9O_A,GR,95,1.686,22,"[0.9192, -0.21015, 0.33304]","[0.2942, -0.19572, -0.93549]","[0.26177, 0.95788, -0.11808]","[-53.61649, -6.78397, -31.53768]"
4OC7_A,GR,96,1.795,22,"[0.21198, 0.91819, 0.33465]","[0.17128, 0.30223, -0.93772]","[-0.96215, 0.2561, -0.09321]","[74.44787, -53.83899, 105.70042]"
7WML_A,GR,82,1.961,16,"[-0.60464, 0.04092, -0.79545]","[-0.6726, -0.56117, 0.48239]","[-0.42664, 0.82669, 0.36683]","[16.84517, -39.67178, 18.36813]"
5UC3_A,GR,98,0.992,96,"[0.77785, 0.0377, 0.62731]","[-0.62844, 0.05028, 0.77623]","[-0.00227, -0.99802, 0.06281]","[89.57489, 19.89282, 44.58106]"
5UC3_B,GR,97,0.875,96,"[0.40353, -0.02551, 0.91461]","[0.9133, -0.04916, -0.40432]","[0.05528, 0.99847, 0.00346]","[104.7852, 37.73449, 32.99915]"
6SBO_A,GR,83,1.516,28,"[-0.78614, 0.53157, 0.31531]","[-0.26406, 0.17237, -0.94898]","[-0.5588, -0.82929, 0.00486]","[75.71321, -4.48604, 13.61427]"
6SBO_B,GR,83,1.591,28,"[-0.01877, 0.90856, -0.41734]","[-0.07686, 0.41487, 0.90663]","[0.99687, 0.0491, 0.06204]","[5.35049, -42.61891, 29.73225]"
5YP5_A,AR,82,2.077,15,"[0.37842, 0.48829, 0.78636]","[-0.92483, 0.16415, 0.34313]","[0.03846, -0.8571, 0.51371]","[-27.79904, -14.7795, -57.29947]"
7W3P_A,GR,81,2.251,15,"[0.37704, 0.46423, 0.80146]","[-0.92598, 0.17005, 0.33712]","[0.02021, -0.86924, 0.49398]","[-27.63783, -13.70879, -58.06746]"
6OQX_A,GR,87,2.108,21,"[-0.29154, -0.86104, -0.41667]","[-0.82882, 0.44485, -0.33936]","[0.47756, 0.24641, -0.84334]","[23.22029, 16.37257, 39.14962]"
8U57_A,GR,80,1.766,20,"[0.6464, 0.22718, -0.72839]","[-0.34844, -0.76139, -0.54669]","[-0.67879, 0.60719, -0.413]","[-32.10411, -11.19829, 64.94309]"
5TMU_A,GR,91,1.517,27,"[0.69356, -0.10254, 0.71306]","[-0.00475, 0.98914, 0.14687]","[-0.72038, -0.10525, 0.68554]","[-17.15127, 1.44405, -9.99337]"
5TMU_B,GR,91,1.52,26,"[0.76926, 0.61702, -0.16593]","[0.63589, -0.76465, 0.10465]","[-0.06231, -0.18601, -0.98057]","[-40.33296, -14.6923, 66.35906]"
2PNU_A,AR,100,0.519,100,"[-0.61632, 0.18789, 0.76475]","[-0.77019, 0.05864, -0.63511]","[-0.16417, -0.98044, 0.10857]","[52.98639, 8.14969, -16.66095]"
2PIW_A,AR,99,0.556,100,"[-0.59496, 0.1873, 0.78163]","[-0.78759, 0.05819, -0.61344]","[-0.16039, -0.98058, 0.1129]","[52.8899, 8.28733, -16.83616]"
4KZJ_B,AR,88,1.736,20,"[-0.50934, 0.65179, -0.56191]","[-0.77121, -0.63545, -0.03802]","[-0.38185, 0.41398, 0.82632]","[35.22736, -42.46807, -23.6251]"
4KZJ_A,GR,87,2.257,20,"[0.68313, -0.42814, 0.59163]","[-0.62428, -0.76273, 0.16887]","[0.37896, -0.48471, -0.78832]","[-21.80325, 15.24803, -15.46887]"
3OKH_A,GR,90,2.105,19,"[0.13978, -0.64062, -0.75503]","[0.52981, -0.59579, 0.6036]","[-0.83652, -0.48439, 0.25612]","[10.55985, 92.54561, 29.56577]"
5NU1_A,GR,81,2.219,16,"[0.19926, 0.07412, 0.97714]","[0.75322, -0.64944, -0.10433]","[0.62686, 0.75679, -0.18523]","[-7.86206, -1.30438, 78.53172]"
5NU1_B,GR,81,2.239,15,"[-0.3358, 0.16082, -0.9281]","[0.02335, -0.98359, -0.17888]","[-0.94164, -0.08174, 0.32653]","[62.34815, 1.51271, 120.19384]"
5KRO_A,GR,94,1.559,27,"[-0.77878, 0.6097, 0.14756]","[-0.62495, -0.77443, -0.09844]","[0.05426, -0.16888, 0.98414]","[46.822, -13.11467, -11.25823]"
5KRO_B,GR,94,1.489,28,"[-0.69598, -0.1118, -0.70931]","[-0.00056, 0.98789, -0.15516]","[0.71806, -0.1076, -0.68761]","[23.40889, 3.3973, 64.34585]"
8DUI_A,GR,87,1.486,27,"[-0.78878, 0.54135, 0.29113]","[-0.24849, 0.15237, -0.95658]","[-0.5622, -0.82687, 0.01433]","[76.30462, -11.86605, 14.20372]"
8DUI_B,GR,89,1.402,29,"[-0.01063, 0.89505, -0.44584]","[-0.0765, 0.44383, 0.89284]","[0.99701, 0.0436, 0.06375]","[5.10642, -49.26338, 31.02369]"
6LN4_A,GR,98,1.565,26,"[-0.79671, -0.20831, 0.56732]","[-0.32352, -0.64588, -0.6915]","[0.51047, -0.73446, 0.44719]","[-22.16646, 31.79155, -29.72612]"
6A6K_A,GR,92,1.587,26,"[-0.38589, 0.84141, 0.37832]","[-0.2598, 0.29437, -0.9197]","[-0.88521, -0.45319, 0.105]","[92.31698, -24.62894, 140.86555]"
6A6K_B,GR,92,1.583,26,"[-0.3906, -0.88659, -0.24778]","[-0.19685, 0.34338, -0.91834]","[0.89927, -0.30993, -0.30865]","[101.26452, 47.30226, 145.73526]"
6A6K_C,GR,97,1.51,27,"[-0.94902, 0.05913, -0.30961]","[-0.27372, -0.6417, 0.71645]","[-0.15632, 0.76468, 0.62517]","[150.0854, -9.93258, 112.6883]"
7WMJ_A,GR,83,2.003,15,"[-0.05065, -0.60793, -0.79237]","[0.56244, -0.67298, 0.48038]","[-0.82529, -0.42133, 0.37601]","[38.99728, 17.51726, 32.24645]"
5Q19_A,GR,86,2.2,19,"[-0.22181, 0.03189, -0.97457]","[-0.40169, 0.90773, 0.12113]","[0.88851, 0.41834, -0.18853]","[16.30801, 7.7644, 33.9228]"
5Q19_C,GR,86,2.155,19,"[0.33021, -0.18755, -0.92509]","[-0.81106, -0.55772, -0.17643]","[-0.48285, 0.80856, -0.33628]","[17.63293, 57.66624, 76.84832]"
5TMT_A,GR,93,1.547,28,"[-0.69366, -0.10342, -0.71284]","[0.00524, 0.98889, -0.14858]","[0.72028, -0.1068, -0.68541]","[6.95737, 17.29521, 37.32698]"
5TMT_B,GR,91,1.526,27,"[-0.75755, 0.62922, 0.17376]","[-0.64974, -0.75247, -0.10787]","[0.06288, -0.19462, 0.97886]","[29.69837, 0.66037, -39.45584]"
4TUZ_A,GR,93,1.534,27,"[-0.90531, 0.40145, 0.13878]","[-0.40513, -0.91426, 0.00184]","[0.12762, -0.05456, 0.99032]","[53.12474, -1.03559, -9.79219]"
4TUZ_B,GR,91,1.571,26,"[-0.64918, -0.34408, -0.67836]","[-0.25734, 0.9386, -0.2298]","[0.71578, 0.02539, -0.69787]","[27.41466, 15.20448, 65.89671]"
5AYG_A,GR,81,2.033,15,"[-0.1966, -0.81346, -0.54739]","[0.00756, 0.55701, -0.83047]","[0.98045, -0.16741, -0.10336]","[18.83663, -3.14, -3.27422]"
5AYG_B,GR,80,1.984,15,"[0.77025, -0.33621, 0.54192]","[-0.45102, 0.31359, 0.83561]","[-0.45088, -0.88805, 0.0899]","[-9.01523, -16.66209, -29.81985]"
5DKB_A,GR,93,1.524,28,"[0.76633, 0.62294, -0.15711]","[0.64012, -0.76117, 0.10422]","[-0.05467, -0.18044, -0.98207]","[-46.8812, -37.09825, 11.41796]"
5DKB_B,GR,95,1.606,27,"[0.69991, -0.07768, 0.70999]","[-0.0217, 0.99129, 0.12986]","[-0.7139, -0.1063, 0.69213]","[-23.6972, -21.8698, -64.25105]"
3OLL_A,GR,93,1.5,27,"[0.35101, -0.74946, -0.56135]","[-0.37551, -0.66184, 0.64882]","[-0.85778, -0.01695, -0.51373]","[-8.29886, 65.06665, 30.45389]"
3OLL_B,GR,94,1.502,27,"[0.47353, -0.67997, 0.55983]","[0.75936, -0.00686, -0.65063]","[0.44625, 0.73321, 0.5131]","[-52.22226, 39.78576, -31.39232]"
4QM0_A,GR,80,2.09,14,"[-0.624, 0.55633, -0.54875]","[0.46207, -0.30361, -0.83325]","[-0.63017, -0.77351, -0.06761]","[-10.88532, -13.67753, 32.51352]"
1ZDU_A,GR,90,2.055,21,"[0.04914, 0.85508, 0.51616]","[-0.94384, 0.20881, -0.25606]","[-0.32673, -0.47459, 0.81732]","[14.82949, -2.35526, -16.69174]"
3O1E_A,AR,89,2.013,15,"[0.56564, 0.22919, 0.79216]","[-0.81692, 0.02451, 0.57623]","[0.11266, -0.97307, 0.20109]","[-9.44053, 36.71408, 4.55627]"
5AVI_A,AR,92,2.09,21,"[0.90532, -0.18485, 0.38241]","[0.35399, -0.16919, -0.91982]","[0.23473, 0.96809, -0.08773]","[105.6867, 17.46516, 60.77073]"
5AVI_C,AR,90,1.856,21,"[0.22548, -0.90514, -0.36039]","[0.17622, -0.32593, 0.92883]","[-0.95818, -0.27294, 0.08601]","[165.58707, 80.066, 76.18288]"
3FUR_A,GR,81,1.936,18,"[-0.01865, -0.17316, -0.98472]","[0.98285, -0.1839, 0.01373]","[-0.18347, -0.96757, 0.17362]","[-2.55175, 25.39853, 52.99837]"
4OHA_A,AR,100,0.559,99,"[-0.62998, -0.18794, -0.75353]","[-0.75752, -0.06516, 0.64956]","[-0.17118, 0.98002, -0.10132]","[26.58586, -8.48854, 50.6999]"
5T8E_A,AR,98,0.433,100,"[-0.62281, 0.18692, 0.75972]","[-0.76595, 0.05224, -0.64077]","[-0.15946, -0.98099, 0.11063]","[53.12866, 8.22486, -16.36477]"
2A3I_A,GR,97,1.12,57,"[-0.24439, -0.09683, -0.96483]","[-0.79482, -0.54996, 0.25652]","[-0.55545, 0.82956, 0.05744]","[42.43511, 70.83782, 42.52144]"
4UDB_A,GR,96,1.269,56,"[0.60176, 0.73938, 0.30199]","[-0.64042, 0.22077, 0.73561]","[0.47723, -0.63606, 0.60637]","[-47.73509, -12.39151, -20.70171]"
2GPO_A,GR,96,1.435,25,"[-0.20384, 0.979, 0.00438]","[-0.51538, -0.11111, 0.84973]","[0.83237, 0.17095, 0.5272]","[28.50827, -15.61139, 15.16161]"
4WHF_B,AR,88,1.746,20,"[0.5149, 0.64486, 0.56483]","[0.77346, -0.63358, 0.01826]","[0.36964, 0.42747, -0.82501]","[-35.15235, -42.41361, 24.16003]"
4WHF_A,AR,87,2.165,20,"[-0.69275, -0.43506, -0.57518]","[0.6164, -0.7712, -0.15907]","[-0.37437, -0.46474, 0.80241]","[22.18824, 15.81489, 14.80587]"
6FGQ_B,GR,80,1.973,15,"[-0.7938, -0.25135, -0.5538]","[0.48632, 0.28447, -0.82618]","[0.3652, -0.92515, -0.10358]","[6.09252, -17.17082, -2.58569]"
5C4S_A,AR,80,2.102,14,"[-0.05284, 0.85929, -0.50875]","[0.30787, -0.47063, -0.82688]","[-0.94996, -0.20033, -0.23968]","[-23.81802, -3.26702, 51.51521]"
5NI5_A,AR,80,2.076,15,"[0.39227, -0.44517, -0.80495]","[-0.91939, -0.16221, -0.35833]","[0.02895, 0.88063, -0.47291]","[-29.58267, 12.96703, 17.98236]"
3UP3_A,AR,84,2.426,14,"[0.51226, -0.29587, 0.80626]","[-0.11389, -0.9539, -0.27769]","[0.85125, 0.05042, -0.52234]","[-31.73947, 38.16343, -8.21326]"
2QZO_A,GR,95,1.63,27,"[0.6711, -0.35156, 0.65271]","[0.25139, 0.93617, 0.24576]","[-0.69745, -0.00084, 0.71664]","[-10.38491, 7.6431, -37.41728]"
2QZO_B,GR,92,1.564,27,"[0.91246, 0.38758, -0.13116]","[0.39262, -0.9196, 0.01394]","[-0.11521, -0.06421, -0.99126]","[-35.06895, -8.67236, 37.01014]"
3P0U_A,GR,80,2.371,16,"[0.73939, 0.31687, -0.59405]","[0.65296, -0.12235, 0.74745]","[0.16416, -0.94055, -0.29736]","[-17.3625, -1.0966, 50.95338]"
3P0U_B,GR,81,2.371,16,"[0.31575, 0.65774, 0.68388]","[-0.005, 0.72189, -0.69199]","[-0.94883, 0.21507, 0.23123]","[33.1358, -50.11308, -8.14727]"
5K38_A,AR,82,1.964,14,"[0.17989, -0.81013, 0.55797]","[-0.00577, 0.56634, 0.82415]","[-0.98367, -0.15148, 0.0972]","[31.66111, 82.63493, -25.93405]"
5K38_B,AR,82,1.99,14,"[-0.75235, -0.35271, -0.55638]","[0.45233, 0.33743, -0.82556]","[0.47892, -0.87277, -0.09433]","[57.89282, 69.73335, 1.24605]"
5C4O_A,AR,82,2.202,13,"[-0.04885, 0.86716, -0.49562]","[0.28868, -0.46278, -0.83815]","[-0.95618, -0.18402, -0.22773]","[-23.38138, -3.49884, 50.50842]"
5Q1C_A,GR,85,2.062,19,"[-0.21941, 0.03086, -0.97514]","[-0.42501, 0.89666, 0.12401]","[0.8782, 0.44165, -0.18362]","[16.18215, 7.87027, 34.00566]"
5Q1C_C,GR,85,2.063,19,"[0.32921, -0.18165, -0.92662]","[-0.81288, -0.55385, -0.18023]","[-0.48047, 0.81256, -0.32999]","[17.7518, 57.87047, 76.83291]"
4OLM_A,AR,100,0.645,99,"[0.63522, -0.20873, 0.74359]","[0.75423, -0.03959, -0.65542]","[0.16624, 0.97717, 0.13228]","[-26.83623, -7.70874, -16.92208]"
5C4T_A,AR,81,2.14,13,"[-0.0992, 0.86114, -0.4986]","[0.33967, -0.44167, -0.83039]","[-0.9353, -0.25173, -0.24868]","[-23.52716, -5.06236, 50.5873]"
5DXQ_A,GR,93,1.433,27,"[-0.77863, 0.60729, 0.1579]","[-0.62505, -0.77278, -0.1101]","[0.05516, -0.18443, 0.9813]","[47.00553, -12.87018, -11.60772]"
5DXQ_B,GR,94,1.553,28,"[-0.70003, -0.11082, -0.70546]","[-0.00154, 0.98812, -0.1537]","[0.71411, -0.10651, -0.69189]","[23.66069, 3.29836, 64.21375]"
2POG_A,GR,85,1.628,28,"[-0.50326, -0.8044, 0.31571]","[-0.15071, -0.27804, -0.94867]","[0.85089, -0.52501, 0.0187]","[18.1487, 85.05874, 57.31032]"
2POG_B,GR,91,1.566,28,"[-0.90203, -0.0618, -0.42724]","[-0.42187, -0.08359, 0.90279]","[-0.0915, 0.99458, 0.04933]","[58.89183, 16.73757, 74.01487]"
7JHD_A,GR,94,1.505,27,"[-0.77186, 0.61462, 0.1627]","[-0.63179, -0.77013, -0.08795]","[0.07124, -0.17068, 0.98275]","[46.60043, -20.68494, -11.86643]"
7JHD_B,GR,95,1.499,28,"[-0.69822, -0.07941, -0.71147]","[0.03116, 0.98952, -0.14103]","[0.71521, -0.12063, -0.68842]","[23.32237, -5.29352, 64.49048]"
3OAP_A,GR,94,1.704,22,"[-0.20188, 0.92094, -0.33333]","[-0.1904, 0.29694, 0.93572]","[0.96072, 0.25237, 0.1154]","[58.62939, 12.1732, 32.03698]"
6PFM_D,GR,88,1.558,27,"[0.35982, 0.86413, 0.35186]","[-0.88811, 0.20162, 0.41305]","[0.28599, -0.46111, 0.83999]","[8.85505, 32.4678, 19.22794]"
6PFM_A,GR,92,1.513,28,"[-0.59063, 0.76044, -0.26998]","[0.79195, 0.48204, -0.37478]","[-0.15485, -0.43517, -0.88693]","[47.38099, 34.01165, 92.12059]"
4PP5_A,GR,94,1.709,22,"[-0.2058, 0.92037, -0.33251]","[-0.18282, 0.29764, 0.93701]","[0.96136, 0.25363, 0.10701]","[59.27931, 12.65877, 31.9984]"
3OMQ_A,GR,95,1.453,27,"[-0.82443, -0.06646, 0.56205]","[-0.3882, -0.65625, -0.64703]","[0.41184, -0.75161, 0.51523]","[24.75879, 45.33831, -30.4876]"
3OMQ_B,GR,96,1.491,28,"[-0.82567, 0.06705, -0.56016]","[-0.38718, 0.65483, 0.64907]","[0.41032, 0.7528, -0.51471]","[24.8532, -4.59736, 30.9049]"
4IWF_A,GR,93,1.528,27,"[0.90646, 0.40068, -0.13335]","[0.40378, -0.91484, -0.00411]","[-0.12364, -0.05011, -0.99106]","[-34.5702, -8.9113, 37.17578]"
4IWF_B,GR,94,1.526,27,"[0.6774, -0.33229, 0.65629]","[0.24252, 0.94316, 0.22721]","[-0.69449, 0.00525, 0.71948]","[-10.33393, 7.01433, -37.39538]"
4RMD_A,GR,94,1.688,22,"[-0.20728, 0.91959, -0.33374]","[-0.18505, 0.29814, 0.93641]","[0.96062, 0.25586, 0.10837]","[58.95339, 12.26181, 32.31279]"
6LB4_A,GR,93,1.738,22,"[0.20629, 0.91982, 0.33372]","[0.18365, 0.2986, -0.93654]","[-0.9611, 0.25449, -0.10732]","[6.89221, -53.88234, -4.16486]"
6NAD_A,AR,81,1.939,15,"[-0.25147, -0.77161, -0.58427]","[2e-05, 0.60367, -0.79724]","[0.96786, -0.2005, -0.15179]","[114.93302, -6.37293, 30.97499]"
6NAD_B,AR,80,1.874,15,"[0.7807, -0.27508, 0.5611]","[-0.47103, 0.33099, 0.81766]","[-0.41064, -0.90265, 0.12883]","[89.91378, -17.76129, 0.76769]"
1SKX_A,AR,82,2.066,17,"[-0.32867, -0.61669, 0.71531]","[0.69964, -0.66774, -0.25422]","[0.63442, 0.4169, 0.65093]","[5.4148, 95.04611, -29.31216]"
6KZ5_A,GR,87,2.344,20,"[-0.70138, 0.41828, 0.57715]","[0.59734, 0.78672, 0.15576]","[-0.38891, 0.454, -0.80165]","[23.58509, -53.03544, 49.59757]"
6KZ5_B,GR,87,2.034,20,"[0.49095, -0.65837, -0.57054]","[0.77761, 0.62645, -0.05375]","[0.3928, -0.41727, 0.81951]","[-34.55644, 4.70397, 40.80294]"
8XU5_A,GR,80,2.289,14,"[0.80309, -0.23266, 0.54856]","[-0.49165, 0.26138, 0.83064]","[-0.33664, -0.93677, 0.09553]","[-5.61692, -17.54605, -28.36412]"
8XU5_B,GR,83,2.198,15,"[-0.0968, -0.83845, -0.53631]","[-0.04253, 0.54184, -0.83941]","[0.99439, -0.05845, -0.08811]","[18.48256, -1.14456, -0.93497]"
1XB7_A,GR,91,1.444,29,"[0.26361, -0.79365, -0.54829]","[-0.41567, -0.60638, 0.67788]","[-0.87047, 0.04921, -0.48975]","[-18.87281, 92.2986, 46.94245]"
4RFW_A,GR,94,1.719,22,"[-0.2053, 0.92051, -0.33244]","[-0.18624, 0.29672, 0.93663]","[0.96082, 0.2542, 0.11052]","[59.43574, 12.60237, 32.03669]"
5G5W_A,GR,99,0.751,98,"[0.70132, 0.46142, 0.54337]","[0.57035, -0.82046, -0.03942]","[0.42762, 0.33755, -0.83857]","[-30.44823, -51.40665, -15.66827]"
5Q14_A,GR,85,2.112,20,"[-0.2076, 0.03056, -0.97774]","[-0.40101, 0.90901, 0.11356]","[0.89224, 0.41566, -0.17645]","[15.68, 7.85896, 34.04994]"
5Q14_C,GR,84,1.993,19,"[0.32847, -0.18738, -0.92574]","[-0.81427, -0.55284, -0.17702]","[-0.47862, 0.81194, -0.33417]","[17.70438, 57.99523, 77.23039]"
5KCF_A,GR,91,1.583,26,"[-0.75631, 0.62899, 0.1799]","[-0.6511, -0.75048, -0.11333]","[0.06373, -0.20285, 0.97713]","[29.74385, 0.91699, -39.77642]"
5KCF_B,GR,93,1.573,28,"[-0.68877, -0.09209, -0.7191]","[0.01388, 0.99004, -0.14008]","[0.72484, -0.10646, -0.68064]","[6.75379, 17.03968, 37.55]"
2BJ4_A,GR,90,1.558,29,"[-0.61855, 0.74236, -0.25747]","[0.68959, 0.35582, -0.63076]","[-0.37664, -0.56771, -0.73201]","[39.8983, 18.51763, 51.65163]"
2BJ4_B,GR,86,1.523,29,"[0.44028, 0.89101, 0.11074]","[-0.78635, 0.32313, 0.52654]","[0.43337, -0.3189, 0.84291]","[-12.97684, 6.81498, -9.35368]"
5OW9_A,GR,84,1.849,15,"[0.08088, 0.64239, 0.7621]","[-0.45154, -0.65803, 0.60259]","[0.88858, -0.39285, 0.23684]","[-38.25663, 8.51426, -38.76258]"
5T97_A,GR,95,1.294,31,"[0.78792, 0.59438, 0.16094]","[0.01412, -0.27874, 0.96026]","[0.61562, -0.75433, -0.22802]","[-72.26631, 0.63748, -33.95931]"
5T97_B,GR,94,1.469,30,"[-0.18871, 0.57046, 0.79935]","[0.2538, 0.81465, -0.52146]","[-0.94867, 0.10447, -0.29851]","[4.64178, -26.0777, -49.28624]"
1N83_A,AR,82,2.123,12,"[-0.45233, 0.24291, -0.85813]","[0.1028, 0.96998, 0.22038]","[0.8859, 0.01147, -0.46373]","[27.40794, 7.16983, 46.68934]"
3UUA_A,GR,92,1.539,27,"[-0.68967, -0.10349, -0.71669]","[0.00692, 0.98875, -0.14943]","[0.72409, -0.10802, -0.68119]","[33.94019, 1.64158, 37.68934]"
3UUA_B,GR,93,1.476,27,"[-0.76765, 0.61914, 0.16544]","[-0.63853, -0.76095, -0.11506]","[0.05465, -0.19397, 0.97948]","[57.38194, -14.65692, -39.04861]"
2GPV_A,GR,90,1.373,26,"[0.09324, -0.50154, -0.86009]","[0.74615, -0.53676, 0.39389]","[-0.65922, -0.67848, 0.32418]","[34.58855, 31.77751, 73.22167]"
2GPV_B,GR,91,1.414,27,"[-0.23858, 0.50893, 0.82708]","[0.88077, 0.47215, -0.03646]","[-0.40906, 0.71977, -0.56089]","[34.80103, -48.0129, 58.618]"
2GPV_C,GR,91,1.354,26,"[0.67441, -0.0739, -0.73465]","[0.44332, 0.8362, 0.32285]","[0.59046, -0.54342, 0.59671]","[30.67214, -16.4405, 131.17502]"
2GPV_D,GR,96,1.421,27,"[0.94348, 0.08808, -0.31952]","[-0.32775, 0.39135, -0.8599]","[0.04931, 0.91602, 0.3981]","[-10.14766, -38.70306, 58.12737]"
2GPV_E,GR,98,1.522,27,"[0.70998, -0.16412, 0.68483]","[-0.69034, -0.35435, 0.63077]","[0.13915, -0.9206, -0.36488]","[-6.51708, 26.4558, 54.79286]"
2GPV_F,GR,96,1.432,26,"[-0.0137, 0.84831, -0.52932]","[-0.20033, -0.52097, -0.82973]","[-0.97963, 0.09467, 0.17708]","[102.54739, -60.3338, 141.42367]"
6T4X_A,AR,81,2.193,14,"[0.70902, -0.51926, 0.47714]","[-0.20986, 0.49059, 0.84575]","[-0.67324, -0.69978, 0.23887]","[-16.8708, -17.90191, -32.61282]"
4XT9_A,AR,82,2.085,15,"[0.48848, -0.3794, 0.78577]","[0.16508, 0.92444, 0.34374]","[-0.85682, -0.0382, 0.5142]","[-14.77729, 27.75108, -18.61714]"
5L11_A,GR,86,1.991,21,"[0.28474, 0.86086, -0.42172]","[0.82564, -0.44377, -0.34842]","[-0.48708, -0.24897, -0.83711]","[0.41346, 6.92878, 39.33135]"
5YXJ_A,GR,90,2.092,19,"[-0.59481, -0.01234, -0.80377]","[-0.72321, -0.42831, 0.54176]","[-0.35095, 0.90355, 0.24584]","[12.87098, -10.2721, 30.7064]"
5YXJ_B,GR,89,1.907,18,"[-0.83594, 0.01619, 0.54859]","[-0.49164, 0.42217, -0.76162]","[-0.24393, -0.90637, -0.34495]","[8.69229, -18.29847, 33.41637]"
3KWY_A,GR,95,1.767,22,"[-0.20854, 0.92023, -0.33118]","[-0.19649, 0.2923, 0.93592]","[0.95807, 0.26025, 0.11986]","[-7.48239, -53.32911, 32.17174]"
6S5K_A,AR,93,1.936,20,"[-0.10115, 0.85191, -0.51383]","[0.14279, 0.52357, 0.83993]","[0.98457, 0.01159, -0.1746]","[-18.4743, -43.75217, -3.84183]"
6I67_A,GR,95,1.407,25,"[0.98102, -0.19387, -0.00208]","[-0.09719, -0.48246, -0.87051]","[0.16776, 0.85419, -0.49214]","[-48.85496, -4.02316, -14.33392]"
1T5Z_A,AR,100,0.737,100,"[0.62749, -0.19512, 0.75378]","[0.75792, -0.06872, -0.64872]","[0.17838, 0.97837, 0.10476]","[-26.69592, 58.39539, -16.64229]"
4M8H_A,GR,94,1.725,22,"[-0.20254, 0.92117, -0.33231]","[-0.18797, 0.29647, 0.93636]","[0.96106, 0.25212, 0.1131]","[58.76422, 12.22235, 31.95591]"
6I65_A,GR,96,1.489,26,"[0.98176, -0.19008, -0.00508]","[-0.10195, -0.50365, -0.85787]","[0.1605, 0.84274, -0.51384]","[-48.31941, -4.21153, -14.76701]"
5Q0P_A,GR,85,2.084,19,"[-0.21021, 0.03526, -0.97702]","[-0.4006, 0.90849, 0.11898]","[0.89181, 0.41641, -0.17685]","[15.85393, 7.75307, 34.08859]"
5Q0P_C,GR,84,2.049,19,"[0.32898, -0.18583, -0.92587]","[-0.81365, -0.55343, -0.17803]","[-0.47932, 0.8119, -0.33327]","[17.63556, 58.07683, 77.0131]"
2Q7I_A,AR,100,0.521,100,"[-0.61126, 0.20116, 0.76543]","[-0.77086, 0.06771, -0.63339]","[-0.17924, -0.97721, 0.11368]","[53.78053, 7.50482, -16.70831]"
7XVA_A,AR,80,2.449,14,"[0.28098, 0.72681, -0.62674]","[0.50915, 0.44068, 0.7393]","[0.81352, -0.52683, -0.24623]","[2.71117, -26.07749, 28.21956]"
7NEL_A,GR,91,1.537,28,"[-0.9036, 0.40399, 0.14248]","[-0.40831, -0.91284, -0.00118]","[0.12959, -0.05924, 0.9898]","[53.43035, -16.35488, -9.94858]"
7NEL_B,GR,91,1.569,28,"[-0.67042, -0.33951, -0.65975]","[-0.22988, 0.94046, -0.25037]","[0.70547, -0.01619, -0.70856]","[28.66484, 0.11446, 65.28958]"
8FGY_A,AR,98,0.472,98,"[0.58962, -0.18763, 0.78559]","[0.7899, -0.06901, -0.60934]","[0.16854, 0.97981, 0.10752]","[-24.76216, 25.16261, -16.60282]"
5NFP_A,GR,99,0.768,98,"[-0.69296, 0.46756, -0.54882]","[-0.58178, -0.81223, 0.04261]","[-0.42584, 0.34882, 0.83486]","[30.05172, -52.07614, -1.51876]"
1QKM_A,GR,89,1.549,28,"[0.84723, -0.4711, 0.24549]","[0.327, 0.82668, 0.4579]","[-0.41866, -0.30767, 0.85444]","[-0.59436, 20.21453, 91.42847]"
1SJ0_A,GR,83,1.567,27,"[-0.49703, 0.78423, -0.37141]","[-0.23546, 0.29007, 0.92759]","[0.83518, 0.54849, 0.04049]","[37.23825, -34.1304, 31.24068]"
5Q0S_A,GR,85,2.12,20,"[-0.21917, 0.03746, -0.97497]","[-0.41077, 0.90285, 0.12703]","[0.885, 0.42833, -0.18249]","[16.19506, 7.65248, 34.07255]"
5Q0S_C,GR,86,2.178,19,"[0.32735, -0.17079, -0.92934]","[-0.81171, -0.5543, -0.18405]","[-0.4837, 0.8146, -0.32008]","[17.76027, 57.06166, 76.70972]"
8PWD_A,GR,85,1.841,15,"[0.09057, 0.62434, 0.77588]","[-0.42249, -0.68141, 0.59764]","[0.90183, -0.38194, 0.20206]","[-37.8391, 9.25812, -38.62573]"
4RZE_B,AR,89,1.761,20,"[-0.50303, 0.65206, -0.56725]","[-0.77717, -0.62842, -0.03319]","[-0.37811, 0.42416, 0.82288]","[34.88969, -42.8155, -23.85545]"
4RZE_A,AR,87,2.068,20,"[0.69711, -0.43126, 0.57276]","[-0.60744, -0.77963, 0.15229]","[0.38086, -0.45408, -0.80545]","[-22.82535, 15.41759, -14.59359]"
5ICK_A,GR,87,1.933,19,"[-0.9892, 0.02492, 0.14444]","[-0.12011, 0.42703, -0.89623]","[-0.08401, -0.9039, -0.41942]","[58.44844, 1.83168, 54.6009]"
5ICK_B,GR,86,2.007,19,"[-0.99514, -0.07121, 0.06803]","[0.09726, -0.60199, 0.79256]","[-0.01548, 0.79532, 0.60599]","[32.78492, -7.71044, 4.34855]"
6R7J_A,AR,80,2.116,15,"[0.39285, -0.4662, -0.79267]","[-0.91816, -0.1506, -0.36647]","[0.05147, 0.87177, -0.48721]","[-29.78798, 13.8338, 17.99309]"
4P6X_A,GR,99,0.756,96,"[-0.06531, 0.99054, 0.12067]","[0.98981, 0.04897, 0.13371]","[0.12654, 0.12817, -0.98365]","[-2.34141, 0.04328, 1.12045]"
4P6X_C,GR,98,0.761,97,"[0.06889, -0.98676, 0.14681]","[-0.99701, -0.06294, 0.04482]","[-0.03499, -0.14946, -0.98815]","[1.19821, 127.51788, -36.53705]"
4P6X_E,GR,98,0.782,96,"[-0.03936, 0.99328, -0.10888]","[-0.98887, -0.05436, -0.1385]","[-0.14349, 0.10221, 0.98436]","[2.41841, 0.43843, -45.76839]"
4P6X_G,GR,98,0.663,96,"[0.04018, -0.99486, -0.09291]","[0.98259, 0.05622, -0.17709]","[0.18141, -0.08418, 0.9798]","[-2.82071, 126.96203, -8.78946]"
4P6X_I,GR,97,0.569,96,"[0.8934, -0.43612, 0.10784]","[-0.44882, -0.877, 0.17153]","[0.01977, -0.20165, -0.97926]","[1.32809, 129.89703, -22.89674]"
4P6X_K,GR,98,0.698,97,"[-0.84637, -0.51394, -0.13974]","[0.52241, -0.85216, -0.02999]","[-0.10367, -0.09839, 0.98973]","[-0.22468, 127.62528, -19.75276]"
5TMW_A,GR,91,1.637,27,"[-0.90576, 0.40225, 0.13336]","[-0.40679, -0.91349, -0.00754]","[0.11879, -0.06108, 0.99104]","[50.60832, -8.18937, -8.93501]"
5TMW_B,GR,91,1.578,27,"[-0.65389, -0.32681, -0.68237]","[-0.23912, 0.94494, -0.22342]","[0.71781, 0.01708, -0.69603]","[24.73611, 7.1799, 66.60986]"
1XLS_A,GR,88,1.785,22,"[-0.83064, 0.22139, -0.51091]","[-0.09369, -0.96004, -0.2637]","[-0.54888, -0.17117, 0.81819]","[63.73253, -14.32693, 36.3538]"
1XLS_B,GR,88,1.784,22,"[0.90391, 0.04817, 0.425]","[0.00512, -0.99479, 0.10186]","[0.42769, -0.0899, -0.89945]","[-31.31767, -11.96344, -29.34121]"
1XLS_C,GR,88,1.783,22,"[0.89831, -0.05044, -0.43646]","[0.01248, 0.99592, -0.08942]","[0.43918, 0.07488, 0.89527]","[-57.97457, 12.24526, 29.35421]"
1XLS_D,GR,88,1.784,22,"[-0.82934, -0.22553, 0.5112]","[-0.0993, 0.95985, 0.26236]","[-0.54985, 0.16682, -0.81844]","[22.13526, 14.51064, -36.73724]"
1XLS_E,GR,83,2.141,19,"[0.2177, -0.42679, -0.87776]","[-0.30079, 0.82622, -0.47633]","[0.92851, 0.36772, 0.05149]","[-14.81121, -12.00105, 73.59607]"
1XLS_F,GR,83,2.14,19,"[-0.18494, -0.52306, 0.83199]","[0.48148, 0.68981, 0.54069]","[-0.85673, 0.50058, 0.12427]","[42.33656, -12.79916, -76.20387]"
1XLS_G,GR,83,2.14,19,"[-0.18827, 0.52292, -0.83133]","[0.47555, -0.69208, -0.54303]","[-0.85931, -0.49757, -0.11838]","[16.07956, 12.7118, 75.6817]"
1XLS_H,GR,83,2.141,19,"[0.2197, 0.42695, 0.87718]","[-0.29953, -0.8262, 0.47715]","[0.92845, -0.36757, -0.05363]","[-56.55978, 11.84442, -74.07379]"
3H52_A,GR,81,1.224,92,"[0.32117, -0.35651, 0.87735]","[-0.77732, -0.62843, 0.02919]","[0.54095, -0.69136, -0.47895]","[-57.64299, 37.14648, -63.09658]"
3H52_B,GR,85,1.276,92,"[0.98022, 0.02287, -0.19661]","[0.19478, 0.06514, 0.97868]","[0.03519, -0.99761, 0.0594]","[-51.89451, 40.26064, -6.88659]"
3H52_C,GR,83,1.052,93,"[-0.44322, 0.18891, -0.87628]","[-0.72518, -0.6502, 0.22662]","[-0.52695, 0.7359, 0.42518]","[-24.64457, 29.24245, 7.9571]"
3H52_D,GR,88,1.118,94,"[0.49151, 0.78652, -0.37391]","[-0.38393, -0.18968, -0.90367]","[-0.78167, 0.58772, 0.20874]","[-52.37321, 7.73151, -43.57442]"
2JFA_A,GR,89,1.485,29,"[-0.92092, -0.14051, 0.36354]","[-0.37452, 0.0609, -0.92522]","[0.10786, -0.9882, -0.10871]","[-5.13523, 58.15178, -4.60599]"
2JFA_B,GR,88,1.605,28,"[-0.59267, 0.72136, -0.35831]","[-0.31578, 0.20114, 0.92727]","[0.74096, 0.66271, 0.10858]","[-34.0735, -18.47059, 8.23325]"
