1A52.pdb:CRYST1  147.000  147.000  168.900  90.00  90.00 120.00 H 3 2        36          
1E3G.pdb:CRYST1   54.280   66.140   71.720  90.00  90.00  90.00 P 21 21 21    4          
1ERE.pdb:CRYST1   61.480  115.160  137.380  90.00  98.80  90.00 P 1 21 1     12          
1ERR.pdb:REVDAT   2 2                   3       HETATM AUTHOR SEQADV CRYST1              
1ERR.pdb:CRYST1  104.530   53.680  102.710  90.00 116.79  90.00 C 1 2 1       8          
1G50.pdb:CRYST1  105.500  105.500  136.080  90.00  90.00 120.00 P 32 2 1     18          
1GS4.pdb:CRYST1   56.350   66.230   73.050  90.00  90.00  90.00 P 21 21 21    4          
1GWQ.pdb:CRYST1   54.820   63.620   74.720  90.00  98.34  90.00 P 1 21 1      4          
1GWR.pdb:CRYST1   56.310   90.540   59.230  90.00 109.83  90.00 P 1 21 1      4          
1HCQ.pdb:CRYST1   51.600   90.800  114.600  90.00  90.00  90.00 P 21 21 21   16          
1KV6.pdb:CRYST1   83.317   83.317  240.610  90.00  90.00  90.00 P 43 21 2    16          
1L2I.pdb:CRYST1   54.545   82.600   59.040  90.00 111.53  90.00 P 1 21 1      4          
1L2J.pdb:CRYST1   99.144   99.144  193.383  90.00  90.00 120.00 H 3          18          
1M2Z.pdb:CRYST1  125.843  125.843   85.976  90.00  90.00 120.00 P 61         12          
1NDE.pdb:CRYST1   65.558   65.558  239.300  90.00  90.00 120.00 P 61 2 2     12          
1NHZ.pdb:CRYST1   74.859  109.764   39.261  90.00  90.00  90.00 P 21 21 2     4          
1P93.pdb:CRYST1  127.400  127.400   91.800  90.00  90.00 120.00 P 31         12          
1PCG.pdb:CRYST1   53.809  102.432  195.326  90.00  90.00  90.00 C 2 2 21     16          
1QKM.pdb:CRYST1   63.120   63.120  250.230  90.00  90.00 120.00 P 61 2 2     12          
1QKT.pdb:CRYST1   58.610   58.610  276.020  90.00  90.00 120.00 P 65 2 2     12          
1QKU.pdb:CRYST1  105.500  105.500  136.080  90.00  90.00 120.00 P 32 2 1     18          
1R5K.pdb:CRYST1  136.031  136.031  357.626  90.00  90.00 120.00 P 61 2 2     36          
1SJ0.pdb:CRYST1   58.480   58.480  276.080  90.00  90.00 120.00 P 65 2 2     12          
1T5Z.pdb:CRYST1   55.680   66.423   68.253  90.00  90.00  90.00 P 21 21 21    4          
1T63.pdb:CRYST1   54.490   67.370   70.520  90.00  90.00  90.00 P 21 21 21    4          
1T65.pdb:CRYST1   55.600   67.580   69.320  90.00  90.00  90.00 P 21 21 21    4          
1TFC.pdb:CRYST1   83.477   83.477  239.401  90.00  90.00  90.00 P 43 21 2    16          
1U3Q.pdb:CRYST1   77.167   76.646   82.800  90.00 111.83  90.00 P 1 21 1      8          
1U3R.pdb:CRYST1   52.154   87.884   99.432  90.00  90.00  90.00 P 21 21 21    8          
1U3S.pdb:CRYST1   52.264   88.204   99.611  90.00  90.00  90.00 P 21 21 21    8          
1U9E.pdb:CRYST1   52.113   87.935   99.524  90.00  90.00  90.00 P 21 21 21    8          
1UOM.pdb:CRYST1   58.200   58.200  274.600  90.00  90.00 120.00 P 65 2 2     12          
1X76.pdb:CRYST1   52.231   87.949   99.794  90.00  90.00  90.00 P 21 21 21    8          
1X78.pdb:CRYST1   51.891   87.507   99.493  90.00  90.00  90.00 P 21 21 21    8          
1X7B.pdb:CRYST1   52.181   87.981   99.918  90.00  90.00  90.00 P 21 21 21    8          
1X7E.pdb:CRYST1   58.136   79.895   59.830  90.00 116.19  90.00 P 1 21 1      4          
1X7J.pdb:CRYST1   52.231   87.667  100.113  90.00  90.00  90.00 P 21 21 21    8          
1X7R.pdb:CRYST1   60.882   69.833   57.365  90.00  90.00  90.00 P 21 21 2     4          
1XJ7.pdb:CRYST1   53.058   66.831   71.077  90.00  90.00  90.00 P 21 21 21    4          
1XOW.pdb:CRYST1   54.941   66.118   70.440  90.00  90.00  90.00 P 21 21 21    4          
1XP1.pdb:CRYST1   58.620   58.620  276.790  90.00  90.00 120.00 P 65 2 2     12          
1XP6.pdb:CRYST1   58.570   58.570  276.310  90.00  90.00 120.00 P 65 2 2     12          
1XP9.pdb:CRYST1   58.640   58.640  275.770  90.00  90.00 120.00 P 65 2 2     12          
1XPC.pdb:CRYST1   58.690   58.690  277.180  90.00  90.00 120.00 P 65 2 2     12          
1XQ3.pdb:CRYST1   56.884   65.836   72.630  90.00  90.00  90.00 P 21 21 21    4          
1XQC.pdb:CRYST1   55.114  156.569   58.962  90.00  90.35  90.00 P 1 21 1      8          
1YIM.pdb:CRYST1   58.550   58.550  276.600  90.00  90.00 120.00 P 65 2 2     12          
1YIN.pdb:CRYST1   58.850   58.850  277.830  90.00  90.00 120.00 P 65 2 2     12          
1YY4.pdb:CRYST1   51.970   87.677   99.760  90.00  90.00  90.00 P 21 21 21    8          
1YYE.pdb:CRYST1   52.075   88.504  100.139  90.00  90.00  90.00 P 21 21 21    8          
1Z95.pdb:CRYST1   56.490   66.470   72.160  90.00  90.00  90.00 P 21 21 21    4          
1ZAF.pdb:CRYST1   52.281   89.213   99.334  90.00  90.00  90.00 P 21 21 21    8          
1ZKY.pdb:CRYST1   55.929   84.129   58.220  90.00 109.06  90.00 P 1 21 1      4          
2AM9.pdb:CRYST1   53.820   65.920   71.040  90.00  90.00  90.00 P 21 21 21    4          
2AMA.pdb:CRYST1   55.500   66.300   70.700  90.00  90.00  90.00 P 21 21 21    4          
2AMB.pdb:CRYST1   54.310   66.040   71.370  90.00  90.00  90.00 P 21 21 21    4          
2AO6.pdb:CRYST1   54.580   66.700   69.400  90.00  90.00  90.00 P 21 21 21    4          
2AX6.pdb:CRYST1   54.782   65.965   69.628  90.00  90.00  90.00 P 21 21 21    4          
2AX7.pdb:CRYST1   54.818   66.371   69.076  90.00  90.00  90.00 P 21 21 21    4          
2AX8.pdb:CRYST1   55.089   66.107   69.032  90.00  90.00  90.00 P 21 21 21    4          
2AX9.pdb:CRYST1   55.379   66.012   69.055  90.00  90.00  90.00 P 21 21 21    4          
2AXA.pdb:CRYST1   54.726   66.388   68.939  90.00  90.00  90.00 P 21 21 21    4          
2AYR.pdb:CRYST1   58.868   58.868  276.006  90.00  90.00 120.00 P 65 2 2     12          
2B1V.pdb:CRYST1   55.959   83.939   58.240  90.00 108.81  90.00 P 1 21 1      4          
2B1Z.pdb:CRYST1   55.923   83.799   58.523  90.00 108.94  90.00 P 1 21 1      4          
2B23.pdb:CRYST1   54.372   80.905   58.241  90.00 109.68  90.00 P 1 21 1      4          
2BJ4.pdb:CRYST1   50.760   98.760  105.640  90.00  90.00  90.00 P 21 21 21    8          
2E2R.pdb:CRYST1   64.046   64.046  136.871  90.00  90.00  90.00 P 41 21 2     8          
2EWP.pdb:CRYST1  106.876   75.776  185.092  90.00 104.84  90.00 C 1 2 1      20          
2FAI.pdb:CRYST1   56.397   81.811   58.861  90.00 111.16  90.00 P 1 21 1      4          
2FSZ.pdb:CRYST1  105.040  105.040  102.391  90.00  90.00  90.00 I 4          16          
2G44.pdb:CRYST1   54.253   81.907   58.341  90.00 111.23  90.00 P 1 21 1      4          
2G5O.pdb:CRYST1   56.069   83.347   58.829  90.00 109.05  90.00 P 1 21 1      4          
2GIU.pdb:CRYST1   64.530   64.530  251.160  90.00  90.00 120.00 P 61 2 2     12          
2GP7.pdb:CRYST1   60.388   80.369  211.220  90.00  90.00  90.00 P 21 21 21   16          
2GPO.pdb:CRYST1   64.315   64.315  139.134  90.00  90.00  90.00 P 41 21 2     8          
2GPP.pdb:CRYST1  203.810  203.810   53.460  90.00  90.00 120.00 H 3          18          
2GPU.pdb:CRYST1   64.010   64.010  138.230  90.00  90.00  90.00 P 41 21 2     8          
2GPV.pdb:CRYST1  200.220  117.170   90.470  90.00 102.36  90.00 C 1 2 1      24          
2HVC.pdb:CRYST1   57.640   65.390   72.170  90.00  90.00  90.00 P 21 21 21    4          
2I0G.pdb:CRYST1   63.196   63.196  249.255  90.00  90.00 120.00 P 61         12          
2I0J.pdb:CRYST1   58.503  173.144   58.522  90.00 119.48  90.00 P 1 21 1      8          
2IOG.pdb:CRYST1   58.220   58.220  276.660  90.00  90.00 120.00 P 65 2 2     12          
2IOK.pdb:CRYST1   99.860   99.860   54.900  90.00  90.00  90.00 P 41          8          
2J7X.pdb:CRYST1   62.550   62.550  171.700  90.00  90.00  90.00 P 41 2 2      8          
2J7Y.pdb:CRYST1   62.640   62.640  171.640  90.00  90.00  90.00 P 41 2 2      8          
2JF9.pdb:CRYST1  193.707  193.707   64.441  90.00  90.00 120.00 P 32 2 1     18          
2JFA.pdb:CRYST1  126.573  126.573  113.429  90.00  90.00 120.00 P 32 2 1     12          
2JJ3.pdb:CRYST1   63.409   63.409  248.907  90.00  90.00 120.00 P 61         12          
2NV7.pdb:CRYST1   52.130   88.676  100.459  90.00  90.00  90.00 P 21 21 21    8          
2OCF.pdb:CRYST1  119.219  119.219  132.999  90.00  90.00 120.00 P 61 2 2     12          
2OUZ.pdb:CRYST1   58.306   58.306  275.033  90.00  90.00 120.00 P 65 2 2     12          
2OZ7.pdb:CRYST1   56.504   65.820   71.506  90.00  90.00  90.00 P 21 21 21    4          
2P15.pdb:CRYST1   56.052   84.220   58.693  90.00 109.59  90.00 P 1 21 1      4          
2P7A.pdb:CRYST1   64.279   64.279  137.178  90.00  90.00  90.00 P 41 21 2     8          
2P7G.pdb:CRYST1   64.063   64.063  136.484  90.00  90.00  90.00 P 41 21 2     8          
2P7Z.pdb:CRYST1   63.990   63.990  137.952  90.00  90.00  90.00 P 41 21 2     8          
2PIO.pdb:CRYST1   54.616   66.015   70.547  90.00  90.00  90.00 P 21 21 21    4          
2PIP.pdb:CRYST1   55.001   66.223   70.557  90.00  90.00  90.00 P 21 21 21    4          
2PIQ.pdb:CRYST1   56.640   66.250   71.870  90.00  90.00  90.00 P 21 21 21    4          
2PIR.pdb:CRYST1   55.662   66.060   70.192  90.00  90.00  90.00 P 21 21 21    4          
2PIT.pdb:CRYST1   55.400   66.430   70.610  90.00  90.00  90.00 P 21 21 21    4          
2PIU.pdb:CRYST1   56.180   66.070   72.750  90.00  90.00  90.00 P 21 21 21    4          
2PIV.pdb:CRYST1   56.400   66.020   72.700  90.00  90.00  90.00 P 21 21 21    4          
2PIW.pdb:CRYST1   55.660   66.500   72.090  90.00  90.00  90.00 P 21 21 21    4          
2PIX.pdb:CRYST1   56.760   66.580   71.390  90.00  90.00  90.00 P 21 21 21    4          
2PJL.pdb:CRYST1   96.465   96.465  134.590  90.00  90.00 120.00 H 3          18          
2PKL.pdb:CRYST1   55.070   66.430   72.760  90.00  90.00  90.00 P 21 21 21    4          
2PNU.pdb:CRYST1   53.650   66.360   70.780  90.00  90.00  90.00 P 21 21 21    4          
2POG.pdb:CRYST1   60.584   99.810  173.098  90.00  90.00  90.00 C 2 2 21     16          
2Q6J.pdb:CRYST1   55.551   79.802   58.328  90.00 109.88  90.00 P 1 21 1      4          
2Q70.pdb:CRYST1   62.558   97.880  174.156  90.00  90.00  90.00 C 2 2 21     16          
2Q7I.pdb:CRYST1   56.001   66.398   70.832  90.00  90.00  90.00 P 21 21 21    4          
2Q7J.pdb:CRYST1   54.779   66.871   70.237  90.00  90.00  90.00 P 21 21 21    4          
2Q7K.pdb:CRYST1   55.932   66.117   70.681  90.00  90.00  90.00 P 21 21 21    4          
2Q7L.pdb:CRYST1   54.428   66.790   69.940  90.00  90.00  90.00 P 21 21 21    4          
2QA6.pdb:CRYST1   56.014   82.942   58.577  90.00 109.25  90.00 P 1 21 1      4          
2QA8.pdb:CRYST1   55.668   77.957   58.000  90.00 109.05  90.00 P 1 21 1      4          
2QAB.pdb:CRYST1   55.824   83.080   58.304  90.00 109.13  90.00 P 1 21 1      4          
2QE4.pdb:CRYST1  103.915   54.091   84.169  90.00  91.24  90.00 C 1 2 1       8          
2QGT.pdb:CRYST1   58.171   83.708   56.007  90.00 108.45  90.00 P 1 21 1      4          
2QGW.pdb:CRYST1   56.053   84.266   58.213  90.00 108.48  90.00 P 1 21 1      4          
2QH6.pdb:CRYST1   55.765   81.718   58.310  90.00 109.90  90.00 P 1 21 1      4          
2QR9.pdb:CRYST1   55.987   84.002   58.724  90.00 108.85  90.00 P 1 21 1      4          
2QSE.pdb:CRYST1   56.081   84.044   58.668  90.00 108.85  90.00 P 1 21 1      4          
2QTU.pdb:CRYST1   63.798   63.798  249.616  90.00  90.00 120.00 P 61         12          
2QXM.pdb:CRYST1   55.965   83.703   58.427  90.00 108.70  90.00 P 1 21 1      4          
2QXS.pdb:CRYST1  101.588   58.102   87.950  90.00 102.66  90.00 C 1 2 1       8          
2QZO.pdb:CRYST1   55.806   82.029   58.517  90.00 109.04  90.00 P 1 21 1      4          
2R6W.pdb:CRYST1   56.470  102.761  172.952  90.00  90.00  90.00 C 2 2 21     16          
2R6Y.pdb:CRYST1   63.132   98.737  174.981  90.00  90.00  90.00 C 2 2 21     16          
2YAT.pdb:CRYST1   64.693   64.693  133.345  90.00  90.00 120.00 P 32 1 2      6          
2YHD.pdb:CRYST1   57.530   66.750   73.680  90.00  90.00  90.00 P 21 21 21    4          
2YJA.pdb:CRYST1   75.032  110.407   65.192  90.00  90.00  90.00 C 2 2 21      8          
2YJD.pdb:CRYST1  102.620  102.620  102.620  90.00  90.00  90.00 I 4          16          
2YLO.pdb:CRYST1   55.320   66.500   73.120  90.00  90.00  90.00 P 21 21 21    4          
2YLP.pdb:CRYST1   56.710   66.480   73.490  90.00  90.00  90.00 P 21 21 21    4          
2YLQ.pdb:CRYST1   56.160   66.470   73.300  90.00  90.00  90.00 P 21 21 21    4          
2YLY.pdb:CRYST1  116.720  116.720  186.660  90.00  90.00  90.00 I 4 2 2      32          
2Z4B.pdb:CRYST1   63.523   63.523  250.837  90.00  90.00 120.00 P 61         12          
2Z4J.pdb:CRYST1   55.979   66.542   71.842  90.00  90.00  90.00 P 21 21 21    4          
2ZAS.pdb:CRYST1   64.018   64.018  136.197  90.00  90.00  90.00 P 41 21 2     8          
2ZBS.pdb:CRYST1   63.716   63.716  134.753  90.00  90.00  90.00 P 41 21 2     8          
2ZKC.pdb:CRYST1   63.839   63.839  135.894  90.00  90.00  90.00 P 41 21 2     8          
3B5R.pdb:CRYST1   54.889   66.803   69.159  90.00  90.00  90.00 P 21 21 21    4          
3B65.pdb:CRYST1   54.639   66.712   69.042  90.00  90.00  90.00 P 21 21 21    4          
3B66.pdb:CRYST1   54.739   66.597   69.098  90.00  90.00  90.00 P 21 21 21    4          
3B67.pdb:CRYST1   54.865   66.201   69.741  90.00  90.00  90.00 P 21 21 21    4          
3B68.pdb:CRYST1   54.725   66.575   68.644  90.00  90.00  90.00 P 21 21 21    4          
3BQD.pdb:REVDAT   3   27-MAY-08 3BQD    1       CRYST1                                   
3BQD.pdb:CRYST1   93.800   93.800  130.000  90.00  90.00 120.00 P 62          6          
3BTR.pdb:CRYST1   78.274   89.372   98.104  90.00  90.00  90.00 P 21 21 21    4          
3CBO.pdb:CRYST1  101.707   38.870   66.338  90.00  90.00  90.00 P 21 21 2     4          
3CBP.pdb:CRYST1  102.042   38.786   66.571  90.00  90.00  90.00 P 21 21 2     4          
3CLD.pdb:CRYST1  127.340  127.340   77.772  90.00  90.00 120.00 P 61         12          
3D24.pdb:CRYST1  119.400   56.000   96.200  90.00 106.40  90.00 C 1 2 1       8          
3DT3.pdb:CRYST1  103.309   57.996   88.331  90.00 105.15  90.00 C 1 2 1       8          
3E7C.pdb:CRYST1  126.654  126.654   78.991  90.00  90.00 120.00 P 61         12          
3ERD.pdb:CRYST1   54.094   82.217   58.041  90.00 111.33  90.00 P 1 21 1      4          
3ERT.pdb:CRYST1   58.242   58.242  277.467  90.00  90.00 120.00 P 65 2 2     12          
3H52.pdb:CRYST1   99.530   99.530  252.430  90.00  90.00 120.00 P 32 2 1     24          
3HLV.pdb:CRYST1   55.826   83.373   58.481  90.00 108.29  90.00 P 1 21 1      4          
3HM1.pdb:CRYST1   56.267   82.666   58.989  90.00 109.18  90.00 P 1 21 1      4          
3K22.pdb:CRYST1  127.597  127.597   78.230  90.00  90.00 120.00 P 61         12          
3K23.pdb:CRYST1  184.927   65.956   71.528  90.00 103.64  90.00 C 1 2 1      12          
3K6P.pdb:CRYST1  103.007  103.007  110.017  90.00  90.00 120.00 P 65 2 2     12          
3L03.pdb:CRYST1   56.027   84.203   58.762  90.00 109.08  90.00 P 1 21 1      4          
3L3X.pdb:CRYST1   57.314   66.704   73.137  90.00  90.00  90.00 P 21 21 21    4          
3L3Z.pdb:CRYST1   56.427   66.830   72.494  90.00  90.00  90.00 P 21 21 21    4          
3OLL.pdb:CRYST1   71.860   71.860  113.280  90.00  90.00 120.00 P 31          6          
3OLS.pdb:CRYST1   70.430   70.430  110.530  90.00  90.00 120.00 P 31          6          
3OMO.pdb:CRYST1   70.570   70.570  109.990  90.00  90.00 120.00 P 31          6          
3OMP.pdb:CRYST1   70.720   70.720  109.810  90.00  90.00 120.00 P 31          6          
3OMQ.pdb:CRYST1   70.590   70.590  110.090  90.00  90.00 120.00 P 31          6          
3OS8.pdb:CRYST1   53.698   58.569   93.461  80.40  74.85  62.79 P 1           2          
3OS9.pdb:CRYST1   52.904   59.058   93.761  86.64  74.64  63.43 P 1           4          
3OSA.pdb:CRYST1   53.559   58.478   93.319  85.88  74.75  62.76 P 1           4          
3Q95.pdb:CRYST1   56.528   81.865   58.886  90.00 111.13  90.00 P 1 21 1      4          
3RLJ.pdb:CRYST1   54.742   66.795   69.374  90.00  90.00  90.00 P 21 21 21    4          
3RLL.pdb:CRYST1   54.450   66.420   69.950  90.00  90.00  90.00 P 21 21 21    4          
3UU7.pdb:CRYST1   54.850   81.580   58.520  90.00 110.68  90.00 P 1 21 1      4          
3UUA.pdb:CRYST1   54.700   81.950   58.880  90.00 110.74  90.00 P 1 21 1      4          
3UUC.pdb:CRYST1   53.530   58.640   93.020  75.64  74.77  62.82 P 1           4          
3UUD.pdb:CRYST1   56.230   82.010   58.930  90.00 111.06  90.00 P 1 21 1      4          
3V49.pdb:CRYST1   54.629   67.331   69.809  90.00  90.00  90.00 P 21 21 21    4          
3V4A.pdb:CRYST1   54.446   66.805   69.854  90.00  90.00  90.00 P 21 21 21    4          
4AA6.pdb:CRYST1  121.677  113.093   62.363  90.00 117.45  90.00 C 1 2 1      16          
4CSJ.pdb:CRYST1   84.354   84.354  105.669  90.00  90.00 120.00 P 32 2 1      6          
4DMA.pdb:CRYST1   56.282   81.788   58.303  90.00 111.17  90.00 P 1 21 1      4          
4E2J.pdb:CRYST1  104.356  104.356  143.925  90.00  90.00 120.00 P 61         12          
4HLW.pdb:CRYST1   55.190   66.300   73.010  90.00  90.00  90.00 P 21 21 21    4          
4HN5.pdb:CRYST1   39.349   96.568  103.995  90.00  90.00  90.00 P 21 21 21    8          
4HN6.pdb:CRYST1   38.740   87.870  103.150  90.00  90.00  90.00 P 21 21 21    8          
4IU7.pdb:CRYST1   54.613   81.396   58.410  90.00 109.94  90.00 P 1 21 1      4          
4IUI.pdb:CRYST1   54.699   81.304   58.275  90.00 110.07  90.00 P 1 21 1      4          
4IV2.pdb:CRYST1   54.235   80.813   57.897  90.00 109.81  90.00 P 1 21 1      4          
4IV4.pdb:CRYST1   54.356   80.508   58.192  90.00 109.84  90.00 P 1 21 1      4          
4IVW.pdb:CRYST1   54.480   81.400   58.602  90.00 109.82  90.00 P 1 21 1      4          
4IVY.pdb:CRYST1   54.746   81.545   58.450  90.00 109.87  90.00 P 1 21 1      4          
4IW6.pdb:CRYST1   54.727   81.627   58.474  90.00 109.77  90.00 P 1 21 1      4          
4IW8.pdb:CRYST1   54.170   81.094   58.119  90.00 109.49  90.00 P 1 21 1      4          
4IWC.pdb:CRYST1   55.864   83.501   58.610  90.00 108.54  90.00 P 1 21 1      4          
4IWF.pdb:CRYST1   55.897   83.036   58.191  90.00 108.54  90.00 P 1 21 1      4          
4J24.pdb:CRYST1  192.980   53.490  131.390  90.00 120.47  90.00 C 1 2 1      16          
4J26.pdb:CRYST1   62.630   62.630  125.670  90.00  90.00 120.00 P 32          6          
4JC3.pdb:CRYST1   82.210  112.490   62.450  90.00  90.00  90.00 C 2 2 21      8          
4JDD.pdb:CRYST1   82.490  111.430   62.240  90.00  90.00  90.00 C 2 2 21      8          
4K7A.pdb:CRYST1   55.429   65.541   70.384  90.00  90.00  90.00 P 21 21 21    4          
4LSJ.pdb:CRYST1   38.962  139.398   48.068  90.00  90.00  90.00 P 21 21 2     4          
4MDD.pdb:CRYST1   72.543   72.543  229.472  90.00  90.00 120.00 P 32 2 1     12          
4MG6.pdb:CRYST1   54.483   81.236   58.490  90.00 110.02  90.00 P 1 21 1      4          
4MG7.pdb:CRYST1   54.550   81.620   58.480  90.00 109.78  90.00 P 1 21 1      4          
4MG8.pdb:CRYST1   55.950   81.830   58.570  90.00 110.70  90.00 P 1 21 1      4          
4MG9.pdb:CRYST1   54.920   81.550   58.260  90.00 110.06  90.00 P 1 21 1      4          
4MGA.pdb:CRYST1   54.880   81.590   58.840  90.00 110.78  90.00 P 1 21 1      4          
4MGB.pdb:CRYST1   54.670   81.550   58.720  90.00 110.32  90.00 P 1 21 1      4          
4MGC.pdb:CRYST1   56.020   83.870   58.400  90.00 109.00  90.00 P 1 21 1      4          
4MGD.pdb:CRYST1   54.900   81.880   58.590  90.00 110.54  90.00 P 1 21 1      4          
4O6F.pdb:CRYST1  151.810  151.810   52.873  90.00  90.00  90.00 I 4           8          
4OEA.pdb:CRYST1   55.668   65.975   70.796  90.00  90.00  90.00 P 21 21 21    4          
4OED.pdb:CRYST1   54.901   65.762   69.781  90.00  90.00  90.00 P 21 21 21    4          
4OEY.pdb:CRYST1   54.525   65.718   70.091  90.00  90.00  90.00 P 21 21 21    4          
4OEZ.pdb:CRYST1   55.892   66.267   70.541  90.00  90.00  90.00 P 21 21 21    4          
4OFR.pdb:CRYST1   55.751   66.230   71.101  90.00  90.00  90.00 P 21 21 21    4          
4OFU.pdb:CRYST1   56.018   66.520   70.749  90.00  90.00  90.00 P 21 21 21    4          
4OGH.pdb:CRYST1   54.007   65.759   70.736  90.00  90.00  90.00 P 21 21 21    4          
4OH5.pdb:CRYST1   55.230   65.660   70.365  90.00  90.00  90.00 P 21 21 21    4          
4OH6.pdb:CRYST1   55.792   66.100   70.225  90.00  90.00  90.00 P 21 21 21    4          
4OHA.pdb:CRYST1   56.189   66.506   68.355  90.00  90.00  90.00 P 21 21 21    4          
4OIL.pdb:CRYST1   54.417   65.593   70.283  90.00  90.00  90.00 P 21 21 21    4          
4OIU.pdb:CRYST1   54.275   66.109   70.200  90.00  90.00  90.00 P 21 21 21    4          
4OJ9.pdb:CRYST1   54.379   65.750   69.486  90.00  90.00  90.00 P 21 21 21    4          
4OJB.pdb:CRYST1   55.796   66.397   70.467  90.00  90.00  90.00 P 21 21 21    4          
4OK1.pdb:CRYST1   53.451   66.086   69.659  90.00  90.00  90.00 P 21 21 21    4          
4OKB.pdb:CRYST1   56.243   66.554   69.988  90.00  90.00  90.00 P 21 21 21    4          
4OKT.pdb:CRYST1   54.604   65.909   68.334  90.00  90.00  90.00 P 21 21 21    4          
4OKW.pdb:CRYST1   55.877   66.411   70.293  90.00  90.00  90.00 P 21 21 21    4          
4OKX.pdb:CRYST1   55.861   66.674   70.291  90.00  90.00  90.00 P 21 21 21    4          
4OLM.pdb:CRYST1   53.076   66.131   67.732  90.00  90.00  90.00 P 21 21 21    4          
4P6W.pdb:CRYST1  130.218  130.218  130.218  90.00  90.00  90.00 P 2 3        12          
4P6X.pdb:CRYST1  220.824  220.824   74.198  90.00  90.00 120.00 P 61         36          
4PP6.pdb:CRYST1   56.040   84.670   58.420  90.00 108.32  90.00 P 1 21 1      4          
4PPP.pdb:CRYST1   54.190   81.930   58.470  90.00 110.86  90.00 P 1 21 1      4          
4PPS.pdb:CRYST1   56.106   84.191   58.480  90.00 108.35  90.00 P 1 21 1      4          
4PXM.pdb:CRYST1   56.084   84.182   58.372  90.00 108.83  90.00 P 1 21 1      4          
4Q13.pdb:CRYST1   56.140   82.655   59.113  90.00 111.05  90.00 P 1 21 1      4          
4Q50.pdb:CRYST1  104.651  165.244  191.384  90.00  90.00  90.00 P 21 21 21   32          
4QL8.pdb:CRYST1   55.129   65.476   68.964  90.00  90.00  90.00 P 21 21 21    4          
4TUZ.pdb:CRYST1   55.960   83.430   58.770  90.00 108.59  90.00 P 1 21 1      4          
4TV1.pdb:CRYST1   55.890   84.060   58.360  90.00 108.78  90.00 P 1 21 1      4          
4UDC.pdb:CRYST1   84.660   84.660  105.910  90.00  90.00 120.00 P 32 2 1      6          
4UDD.pdb:CRYST1   87.200   87.200  102.887  90.00  90.00 120.00 P 32 2 1      6          
4X1F.pdb:CRYST1   91.340   91.340   85.350  90.00  90.00  90.00 P 43 21 2     8          
4X1G.pdb:CRYST1   91.340   91.340   85.490  90.00  90.00  90.00 P 43 21 2     8          
4XI3.pdb:CRYST1   53.575   59.165   94.144  86.76  75.36  63.03 P 1           4          
4ZI1.pdb:CRYST1   85.258   85.258  112.140  90.00  90.00  90.00 I 41          8          
4ZN7.pdb:CRYST1   54.700   81.560   58.300  90.00 111.04  90.00 P 1 21 1      4          
4ZN9.pdb:CRYST1   56.110   83.250   58.730  90.00 109.84  90.00 P 1 21 1      4          
4ZNH.pdb:CRYST1   56.050   83.820   58.490  90.00 109.34  90.00 P 1 21 1      4          
4ZNS.pdb:CRYST1   55.730   81.790   58.600  90.00 111.07  90.00 P 1 21 1      4          
4ZNT.pdb:CRYST1   55.340   81.810   58.740  90.00 111.02  90.00 P 1 21 1      4          
4ZNU.pdb:CRYST1   55.960   82.270   58.500  90.00 111.05  90.00 P 1 21 1      4          
4ZNV.pdb:CRYST1   54.817   81.224   58.594  90.00 111.21  90.00 P 1 21 1      4          
4ZNW.pdb:CRYST1   54.465   81.487   58.359  90.00 111.19  90.00 P 1 21 1      4          
5AAU.pdb:CRYST1  106.407   51.396   85.181  90.00  93.66  90.00 C 1 2 1       8          
5AAV.pdb:CRYST1  105.488   51.540   83.705  90.00  90.90  90.00 C 1 2 1       4          
5ACC.pdb:CRYST1   57.860   57.860  274.040  90.00  90.00 120.00 P 65 2 2     12          
5AK2.pdb:CRYST1  106.070   51.290   83.310  90.00  91.45  90.00 C 1 2 1       8          
5CC1.pdb:CRYST1  176.721   39.122  132.099  90.00 101.10  90.00 C 1 2 1      16          
5CJ6.pdb:CRYST1   55.803   65.997   73.410  90.00  90.00  90.00 P 21 21 21    4          
5DI7.pdb:CRYST1   55.962   83.298   58.536  90.00 109.44  90.00 P 1 21 1      4          
5DID.pdb:CRYST1   55.942   82.990   58.273  90.00 109.02  90.00 P 1 21 1      4          
5DIE.pdb:CRYST1   56.137   84.053   58.536  90.00 108.35  90.00 P 1 21 1      4          
5DIG.pdb:CRYST1   56.261   84.179   58.905  90.00 108.93  90.00 P 1 21 1      4          
5DK9.pdb:CRYST1   54.490   81.920   58.280  90.00 111.07  90.00 P 1 21 1      4          
5DKB.pdb:CRYST1   56.347   82.844   58.458  90.00 111.32  90.00 P 1 21 1      4          
5DKE.pdb:CRYST1   52.758   77.301   57.528  90.00 109.79  90.00 P 1 21 1      4          
5DKG.pdb:CRYST1   56.339   82.080   58.622  90.00 110.83  90.00 P 1 21 1      4          
5DKS.pdb:CRYST1   54.540   82.750   58.150  90.00 110.83  90.00 P 1 21 1      4          
5DL4.pdb:CRYST1   56.410   82.046   58.377  90.00 110.88  90.00 P 1 21 1      4          
5DLR.pdb:CRYST1   54.824   81.803   58.351  90.00 110.58  90.00 P 1 21 1      4          
5DMC.pdb:CRYST1   55.510   82.650   58.580  90.00 111.05  90.00 P 1 21 1      4          
5DMF.pdb:CRYST1   56.314   82.109   58.452  90.00 110.86  90.00 P 1 21 1      4          
5DP0.pdb:CRYST1   56.030   83.080   58.880  90.00 111.06  90.00 P 1 21 1      4          
5DRJ.pdb:CRYST1   55.950   82.510   58.510  90.00 110.61  90.00 P 1 21 1      4          
5DRM.pdb:CRYST1   56.106   84.502   58.737  90.00 108.38  90.00 P 1 21 1      4          
5DTV.pdb:CRYST1   55.046   82.835   58.904  90.00 110.53  90.00 P 1 21 1      4          
5DU5.pdb:CRYST1   55.482   82.712   58.942  90.00 110.75  90.00 P 1 21 1      4          
5DUE.pdb:CRYST1   55.416   82.700   58.863  90.00 110.56  90.00 P 1 21 1      4          
5DUG.pdb:CRYST1   54.140   82.146   58.354  90.00 110.87  90.00 P 1 21 1      4          
5DUH.pdb:CRYST1   56.012   84.298   58.701  90.00 109.18  90.00 P 1 21 1      4          
5DVS.pdb:CRYST1   55.800   82.638   58.482  90.00 110.61  90.00 P 1 21 1      4          
5DVV.pdb:CRYST1   52.830   75.870   57.840  90.00 110.49  90.00 P 1 21 1      4          
5DWE.pdb:CRYST1   54.767   82.038   58.456  90.00 110.69  90.00 P 1 21 1      4          
5DWG.pdb:CRYST1   54.621   82.389   58.284  90.00 110.53  90.00 P 1 21 1      4          
5DWI.pdb:CRYST1   54.835   82.686   58.387  90.00 110.42  90.00 P 1 21 1      4          
5DWJ.pdb:CRYST1   54.996   82.229   58.420  90.00 110.37  90.00 P 1 21 1      4          
5DX3.pdb:CRYST1   56.162   85.851   58.764  90.00 109.09  90.00 P 1 21 1      4          
5DXB.pdb:CRYST1   56.013   85.939   58.272  90.00 108.41  90.00 P 1 21 1      4          
5DXE.pdb:CRYST1   56.009   85.181   58.291  90.00 108.64  90.00 P 1 21 1      4          
5DXG.pdb:CRYST1   56.121   85.274   58.613  90.00 108.64  90.00 P 1 21 1      4          
5DXK.pdb:CRYST1   54.637   82.538   58.636  90.00 111.05  90.00 P 1 21 1      4          
5DXM.pdb:CRYST1   54.506   82.034   58.843  90.00 111.06  90.00 P 1 21 1      4          
5DXP.pdb:CRYST1   53.038   77.203   58.208  90.00 109.79  90.00 P 1 21 1      4          
5DXQ.pdb:CRYST1   53.910   81.070   58.340  90.00 111.09  90.00 P 1 21 1      4          
5DXR.pdb:CRYST1   54.961   82.025   58.778  90.00 110.71  90.00 P 1 21 1      4          
5DY8.pdb:CRYST1   54.379   81.276   58.230  90.00 110.28  90.00 P 1 21 1      4          
5DYB.pdb:CRYST1   54.154   81.044   58.100  90.00 110.16  90.00 P 1 21 1      4          
5DYD.pdb:CRYST1   54.044   81.290   58.192  90.00 111.01  90.00 P 1 21 1      4          
5DZ0.pdb:CRYST1   54.084   81.000   58.005  90.00 109.98  90.00 P 1 21 1      4          
5DZ1.pdb:CRYST1   54.316   80.973   58.223  90.00 110.56  90.00 P 1 21 1      4          
5DZ3.pdb:CRYST1   53.986   80.804   58.073  90.00 109.96  90.00 P 1 21 1      4          
5DZH.pdb:CRYST1   54.574   81.954   58.053  90.00 111.00  90.00 P 1 21 1      4          
5DZI.pdb:CRYST1   56.390   82.349   58.610  90.00 111.17  90.00 P 1 21 1      4          
5E0W.pdb:CRYST1   54.493   80.228   58.173  90.00 110.60  90.00 P 1 21 1      4          
5E0X.pdb:CRYST1   55.080   81.880   58.350  90.00 110.86  90.00 P 1 21 1      4          
5E14.pdb:CRYST1   55.090   81.849   58.463  90.00 110.98  90.00 P 1 21 1      4          
5E15.pdb:CRYST1   52.527   75.101   57.628  90.00 110.72  90.00 P 1 21 1      4          
5E19.pdb:CRYST1   55.370   81.998   58.479  90.00 110.83  90.00 P 1 21 1      4          
5E1C.pdb:CRYST1   56.383   82.041   58.534  90.00 110.81  90.00 P 1 21 1      4          
5E69.pdb:CRYST1   39.165   97.176  103.265  90.00  90.00  90.00 P 21 21 21    8          
5E6A.pdb:CRYST1   39.993   95.497  103.634  90.00  90.00  90.00 P 21 21 21    8          
5E6B.pdb:CRYST1   39.185   97.045  103.329  90.00  90.00  90.00 P 21 21 21    8          
5E6C.pdb:CRYST1   39.083   97.407  103.852  90.00  90.00  90.00 P 21 21 21    8          
5E6D.pdb:CRYST1   39.059   97.145  104.018  90.00  90.00  90.00 P 21 21 21    8          
5EGV.pdb:CRYST1   55.510   81.990   58.620  90.00 110.60  90.00 P 1 21 1      4          
5EHJ.pdb:CRYST1   55.000   81.990   58.320  90.00 110.45  90.00 P 1 21 1      4          
5EI1.pdb:CRYST1   54.737   82.484   58.308  90.00 110.80  90.00 P 1 21 1      4          
5EIT.pdb:CRYST1   55.708   82.309   58.437  90.00 111.03  90.00 P 1 21 1      4          
5EMC.pdb:CRYST1   38.942   99.643  112.229  90.00  90.00  90.00 P 21 21 21    8          
5EMP.pdb:CRYST1   39.279  100.492  112.043  90.00  90.00  90.00 P 21 21 21    8          
5EMQ.pdb:CRYST1   39.032  100.384  111.897  90.00  90.00  90.00 P 21 21 21    8          
5FQP.pdb:CRYST1   58.149   58.149  275.733  90.00  90.00 120.00 P 65 2 2     12          
5FQR.pdb:CRYST1   58.100   58.100  274.380  90.00  90.00 120.00 P 65 2 2     12          
5FQS.pdb:CRYST1   58.379   58.379  275.733  90.00  90.00 120.00 P 65 2 2     12          
5FQT.pdb:CRYST1   58.323   58.323  276.354  90.00  90.00 120.00 P 65 2 2     12          
5FQV.pdb:CRYST1   58.329   58.329  275.591  90.00  90.00 120.00 P 65 2 2     12          
5G3J.pdb:CRYST1   84.263   84.263  106.678  90.00  90.00 120.00 P 32 2 1      6          
5G5W.pdb:CRYST1   83.880   83.880  105.700  90.00  90.00 120.00 P 32 2 1      6          
5GS4.pdb:CRYST1   57.272   61.246   69.385  90.00  90.00  90.00 P 2 21 21     4          
5GTR.pdb:CRYST1   54.787   60.219   66.457  90.00  90.00  90.00 P 2 21 21     4          
5HYR.pdb:CRYST1   55.856   84.832   58.148  90.00 108.85  90.00 P 1 21 1      4          
5JJM.pdb:CRYST1   91.090   91.010  157.230  90.00  90.07  90.00 C 1 2 1      16          
5JMM.pdb:CRYST1   54.400   81.220   58.170  90.00 109.76  90.00 P 1 21 1      4          
5KCC.pdb:CRYST1   54.530   81.160   58.680  90.00 110.80  90.00 P 1 21 1      4          
5KCD.pdb:CRYST1   55.945   83.463   58.779  90.00 109.38  90.00 P 1 21 1      4          
5KCE.pdb:CRYST1   52.577   75.326   57.996  90.00 110.82  90.00 P 1 21 1      4          
5KCF.pdb:CRYST1   54.880   81.574   58.898  90.00 110.19  90.00 P 1 21 1      4          
5KCT.pdb:CRYST1   54.872   81.560   58.914  90.00 110.18  90.00 P 1 21 1      4          
5KCU.pdb:CRYST1   55.482   82.222   58.830  90.00 110.83  90.00 P 1 21 1      4          
5KCW.pdb:CRYST1   55.627   81.529   58.976  90.00 110.93  90.00 P 1 21 1      4          
5KD9.pdb:CRYST1   54.951   81.654   58.795  90.00 110.97  90.00 P 1 21 1      4          
5KR9.pdb:CRYST1   56.473   82.592   58.603  90.00 111.25  90.00 P 1 21 1      4          
5KRA.pdb:CRYST1   58.580   82.960  104.970  90.00 101.12  90.00 P 1 21 1      8          
5KRC.pdb:CRYST1   55.830   82.630   58.870  90.00 110.53  90.00 P 1 21 1      4          
5KRF.pdb:CRYST1   54.361   80.875   58.113  90.00 109.53  90.00 P 1 21 1      4          
5KRH.pdb:CRYST1   55.530   81.903   58.665  90.00 110.67  90.00 P 1 21 1      4          
5KRI.pdb:CRYST1   54.857   82.907   58.585  90.00 110.74  90.00 P 1 21 1      4          
5KRJ.pdb:CRYST1   55.750   81.970   58.700  90.00 111.11  90.00 P 1 21 1      4          
5KRK.pdb:CRYST1   54.020   81.730   58.040  90.00 110.92  90.00 P 1 21 1      4          
5KRL.pdb:CRYST1   55.860   82.720   58.580  90.00 109.36  90.00 P 1 21 1      4          
5KRM.pdb:CRYST1   56.127   84.327   58.504  90.00 108.65  90.00 P 1 21 1      4          
5KRO.pdb:CRYST1   54.370   81.580   58.370  90.00 110.81  90.00 P 1 21 1      4          
5N10.pdb:CRYST1  133.807   57.571   93.450  90.00  98.64  90.00 C 1 2 1      12          
5NFP.pdb:CRYST1   83.990   83.990  106.090  90.00  90.00 120.00 P 32 2 1      6          
5NFT.pdb:CRYST1   84.371   84.371  106.119  90.00  90.00 120.00 P 32 2 1      6          
5T1Z.pdb:CRYST1   56.091   84.213   58.967  90.00 108.28  90.00 P 1 21 1      4          
5T8E.pdb:CRYST1   53.804   66.195   70.932  90.00  90.00  90.00 P 21 21 21    4          
5T8J.pdb:CRYST1   52.449   65.675   70.713  90.00  90.00  90.00 P 21 21 21    4          
5T92.pdb:CRYST1  105.220   53.890   97.110  90.00 114.11  90.00 C 1 2 1       8          
5T97.pdb:CRYST1  105.920   51.800   95.170  90.00 113.13  90.00 C 1 2 1       8          
5TLD.pdb:CRYST1   54.650   82.140   58.350  90.00 110.77  90.00 P 1 21 1      4          
5TLF.pdb:CRYST1   54.655   81.567   58.651  90.00 109.96  90.00 P 1 21 1      4          
5TLG.pdb:CRYST1   54.210   81.720   58.310  90.00 110.88  90.00 P 1 21 1      4          
5TLL.pdb:CRYST1   56.180   82.380   58.760  90.00 110.94  90.00 P 1 21 1      4          
5TLM.pdb:CRYST1   54.030   80.810   58.090  90.00 111.28  90.00 P 1 21 1      4          
5TLO.pdb:CRYST1   55.242   82.284   58.447  90.00 110.70  90.00 P 1 21 1      4          
5TLP.pdb:CRYST1   55.940   83.260   58.650  90.00 109.29  90.00 P 1 21 1      4          
5TLT.pdb:CRYST1   54.347   81.445   58.024  90.00 109.80  90.00 P 1 21 1      4          
5TLU.pdb:CRYST1   55.460   82.520   58.600  90.00 110.69  90.00 P 1 21 1      4          
5TLV.pdb:CRYST1   56.060   82.720   58.770  90.00 110.81  90.00 P 1 21 1      4          
5TLX.pdb:CRYST1   54.270   81.950   58.590  90.00 110.89  90.00 P 1 21 1      4          
5TLY.pdb:CRYST1   55.800   82.910   58.730  90.00 110.88  90.00 P 1 21 1      4          
5TM1.pdb:CRYST1   55.980   83.040   59.000  90.00 110.84  90.00 P 1 21 1      4          
5TM2.pdb:CRYST1   54.970   82.170   58.790  90.00 110.92  90.00 P 1 21 1      4          
5TM3.pdb:CRYST1   54.530   81.960   58.570  90.00 110.75  90.00 P 1 21 1      4          
5TM4.pdb:CRYST1   58.675   81.668   61.817  90.00 116.05  90.00 P 1 21 1      4          
5TM5.pdb:CRYST1   55.464   82.666   59.029  90.00 110.82  90.00 P 1 21 1      4          
5TM6.pdb:CRYST1   54.529   81.603   58.251  90.00 110.97  90.00 P 1 21 1      4          
5TM7.pdb:CRYST1   56.643   81.867   58.918  90.00 111.17  90.00 P 1 21 1      4          
5TM8.pdb:CRYST1   56.444   82.511   59.029  90.00 111.09  90.00 P 1 21 1      4          
5TM9.pdb:CRYST1   58.879   81.985   61.799  90.00 116.17  90.00 P 1 21 1      4          
5TML.pdb:CRYST1   56.152   82.246   58.882  90.00 111.33  90.00 P 1 21 1      4          
5TMM.pdb:CRYST1   55.090   82.520   58.740  90.00 111.14  90.00 P 1 21 1      4          
5TMO.pdb:CRYST1   54.953   82.221   58.604  90.00 110.72  90.00 P 1 21 1      4          
5TMQ.pdb:CRYST1   54.630   82.010   58.090  90.00 110.98  90.00 P 1 21 1      4          
5TMR.pdb:CRYST1   54.866   82.287   58.662  90.00 110.72  90.00 P 1 21 1      4          
5TMS.pdb:CRYST1   54.646   81.853   58.421  90.00 110.81  90.00 P 1 21 1      4          
5TMT.pdb:CRYST1   54.878   82.220   58.576  90.00 110.14  90.00 P 1 21 1      4          
5TMU.pdb:CRYST1   54.182   81.900   58.182  90.00 110.80  90.00 P 1 21 1      4          
5TMV.pdb:CRYST1   54.390   81.520   58.360  90.00 110.61  90.00 P 1 21 1      4          
5TMW.pdb:CRYST1   56.152   79.188   58.485  90.00 110.03  90.00 P 1 21 1      4          
5TMZ.pdb:CRYST1   54.630   82.660   58.460  90.00 110.83  90.00 P 1 21 1      4          
5TN1.pdb:CRYST1   55.940   82.883   58.698  90.00 108.79  90.00 P 1 21 1      4          
5TN3.pdb:CRYST1   55.620   82.910   58.590  90.00 110.70  90.00 P 1 21 1      4          
5TN4.pdb:CRYST1   54.359   82.230   58.405  90.00 110.86  90.00 P 1 21 1      4          
5TN5.pdb:CRYST1   56.548   82.367   58.619  90.00 111.15  90.00 P 1 21 1      4          
5TN6.pdb:CRYST1   56.020   82.850   58.970  90.00 110.89  90.00 P 1 21 1      4          
5TN7.pdb:CRYST1   55.070   83.400   58.620  90.00 110.70  90.00 P 1 21 1      4          
5TN8.pdb:CRYST1   54.180   82.020   58.040  90.00 110.77  90.00 P 1 21 1      4          
5TN9.pdb:CRYST1   53.430   58.560   93.770  80.27  75.04  62.84 P 1           4          
5TNB.pdb:CRYST1   53.549   58.627   94.304  86.50  75.02  62.83 P 1           4          
5TOA.pdb:CRYST1   83.811   83.811  168.531  90.00  90.00 120.00 P 32 2 1     12          
5U2B.pdb:CRYST1   60.584   64.440  135.406  83.11  75.20  61.99 P 1           6          
5U2D.pdb:CRYST1   54.700   81.360   58.360  90.00 111.07  90.00 P 1 21 1      4          
5UC3.pdb:CRYST1  136.749   88.320   64.672  90.00 110.84  90.00 C 1 2 1       8          
5UFS.pdb:CRYST1   87.027   52.829  126.010  90.00 101.78  90.00 C 1 2 1       8          
5UFW.pdb:CRYST1  102.569   57.878   87.701  90.00 102.91  90.00 C 1 2 1       8          
5UFX.pdb:CRYST1  102.722   58.015   87.834  90.00 102.89  90.00 C 1 2 1       8          
5V8Q.pdb:CRYST1   54.747   65.557   70.941  90.00  90.00  90.00 P 21 21 21    4          
5VA0.pdb:CRYST1   39.442   96.280  105.223  90.00  90.00  90.00 P 21 21 21    8          
5VA7.pdb:CRYST1   39.143   96.855  104.554  90.00  90.00  90.00 P 21 21 21    8          
5VO4.pdb:CRYST1   55.123   66.136   70.183  90.00  90.00  90.00 P 21 21 21    4          
5W9C.pdb:CRYST1   58.308   58.308  276.947  90.00  90.00 120.00 P 32         12          
5W9D.pdb:CRYST1   57.980   57.980  277.001  90.00  90.00 120.00 P 65         12          
5WGD.pdb:CRYST1   56.037   83.831   58.375  90.00 108.32  90.00 P 1 21 1      4          
5WGQ.pdb:CRYST1   54.038   84.044   58.209  90.00 111.25  90.00 P 1 21 1      4          
5YSO.pdb:CRYST1  105.886   79.828  106.714  90.00 107.81  90.00 C 1 2 1      12          
6A6K.pdb:CRYST1  105.828   78.571  106.963  90.00 109.19  90.00 C 1 2 1      12          
6B0F.pdb:CRYST1  105.820   52.100   97.020  90.00 114.33  90.00 C 1 2 1       8          
6BQU.pdb:CRYST1   38.231   88.235  103.905  90.00  90.00  90.00 P 21 21 21    8          
6BSF.pdb:CRYST1   38.345   87.907  103.702  90.00  90.00  90.00 P 21 21 21    8          
6C42.pdb:CRYST1  102.805   58.016   87.854  90.00 103.01  90.00 C 1 2 1       8          
6CBZ.pdb:CRYST1   56.126   84.621   58.587  90.00 108.48  90.00 P 1 21 1      4          
6CFN.pdb:CRYST1   65.803   65.432   72.659  71.27  84.96  68.44 P 1           8          
6CHW.pdb:CRYST1   58.735   58.735  274.814  90.00  90.00 120.00 P 65 2 2     12          
6CHZ.pdb:CRYST1   58.608   58.608  276.303  90.00  90.00 120.00 P 65 2 2     12          
6CZN.pdb:CRYST1   53.837   81.659   58.381  90.00 111.07  90.00 P 1 21 1      4          
6D0F.pdb:CRYST1   54.007   82.992   58.587  90.00 111.04  90.00 P 1 21 1      4          
6DF6.pdb:CRYST1   53.386   58.857   94.046  79.75  75.42  63.10 P 1           4          
6DFN.pdb:CRYST1   53.089   59.134   94.180  86.05  74.92  63.34 P 1           4          
6DXK.pdb:CRYST1   79.193   98.694  100.410  90.00  90.00  90.00 P 21 21 21    8          
6EL6.pdb:CRYST1   84.955   84.955  106.374  90.00  90.00 120.00 P 32 2 1      6          
6EL7.pdb:CRYST1   83.850   83.850  106.120  90.00  90.00 120.00 P 32 2 1      6          
6EL9.pdb:CRYST1   84.523   84.523  105.718  90.00  90.00 120.00 P 32 2 1      6          
6HHP.pdb:CRYST1   81.867  112.213   62.408  90.00  90.00  90.00 C 2 2 21      8          
6HKB.pdb:CRYST1   82.234  112.394   62.439  90.00  90.00  90.00 C 2 2 21      8          
6HKF.pdb:CRYST1   82.019  112.531   62.467  90.00  90.00  90.00 C 2 2 21      8          
6HMU.pdb:CRYST1   81.856  112.402   62.582  90.00  90.00  90.00 C 2 2 21      8          
6I61.pdb:CRYST1   64.030   64.030  135.430  90.00  90.00  90.00 P 41 21 2     8          
6I62.pdb:CRYST1   64.198   64.198  136.792  90.00  90.00  90.00 P 41 21 2     8          
6I63.pdb:CRYST1   64.634   64.634  140.130  90.00  90.00  90.00 P 41 21 2     8          
6I64.pdb:CRYST1   64.320   64.320  138.520  90.00  90.00  90.00 P 41 21 2     8          
6I65.pdb:CRYST1   64.434   64.434  137.275  90.00  90.00  90.00 P 41 21 2     8          
6I66.pdb:CRYST1   64.350   64.350  135.792  90.00  90.00  90.00 P 41 21 2     8          
6I67.pdb:CRYST1   64.085   64.085  133.800  90.00  90.00  90.00 P 41 21 2     8          
6IAR.pdb:CRYST1   58.353   58.353  275.443  90.00  90.00 120.00 P 65 2 2     12          
6K3N.pdb:CRYST1   63.666   63.666  132.212  90.00  90.00  90.00 P 41 21 2     8          
6KNR.pdb:CRYST1  119.916  119.916  125.981  90.00  90.00  90.00 P 43 21 2    16          
6LIT.pdb:CRYST1   44.951   45.027   57.368  84.31  80.02  79.31 P 1           2          
6LN4.pdb:CRYST1  108.472  108.472  106.902  90.00  90.00 120.00 P 65 2 2     12          
6NWK.pdb:CRYST1   71.787   96.407  107.903  90.00  90.00  90.00 C 2 2 21      8          
6NWL.pdb:CRYST1   71.756   96.435  108.195  90.00  90.00  90.00 C 2 2 21      8          
6OWC.pdb:CRYST1   83.460   83.460  151.980  90.00  90.00  90.00 P 43 21 2    16          
6PET.pdb:CRYST1   53.173   58.746   92.934  77.57  74.40  63.09 P 1           4          
6PFM.pdb:CRYST1  144.106  144.106  171.064  90.00  90.00 120.00 H 3 2        36          
6PIT.pdb:CRYST1   55.534   71.030   58.082  90.00 108.68  90.00 P 1 21 1      4          
6PSJ.pdb:CRYST1  103.195   56.491   87.627  90.00 104.32  90.00 C 1 2 1       8          
6SBO.pdb:CRYST1  101.430   57.710   87.800  90.00 103.13  90.00 C 1 2 1       8          
6SQ0.pdb:CRYST1  106.110   51.620   83.690  90.00  90.98  90.00 C 1 2 1       8          
6SUO.pdb:CRYST1  106.180   51.360   82.780  90.00  91.53  90.00 C 1 2 1       8          
6TJM.pdb:CRYST1   62.841  152.310   76.792  90.00  90.00  90.00 C 2 2 2       8          
6TL3.pdb:CRYST1   63.694  152.232   76.261  90.00  90.00  90.00 C 2 2 2       8          
6V87.pdb:CRYST1  104.201   55.067   97.479  90.00 113.48  90.00 C 1 2 1       8          
6V8T.pdb:CRYST1  105.370   53.676   96.848  90.00 113.74  90.00 C 1 2 1       8          
6VGH.pdb:CRYST1   58.692   58.692  276.475  90.00  90.00 120.00 P 65         12          
6VJD.pdb:CRYST1   58.362   58.362  275.621  90.00  90.00 120.00 P 32         12          
6VPF.pdb:CRYST1   58.330   58.330  275.880  90.00  90.00 120.00 P 32         12          
6W9K.pdb:CRYST1   71.052   96.089  108.025  90.00  90.00  90.00 C 2 2 21      8          
6W9L.pdb:CRYST1   71.691   96.536  107.460  90.00  90.00  90.00 C 2 2 21      8          
6W9M.pdb:CRYST1   87.065   52.854   69.646  90.00 116.39  90.00 C 1 2 1       4          
6WOK.pdb:CRYST1   53.609   59.102   94.718  86.61  74.78  63.29 P 1           4          
6X6D.pdb:CRYST1  130.426   39.000   96.791  90.00 118.71  90.00 C 1 2 1       8          
6X6E.pdb:CRYST1  130.385   39.089   97.371  90.00 118.62  90.00 C 1 2 1       8          
6XXC.pdb:CRYST1   82.316  112.063   62.662  90.00  90.00  90.00 C 2 2 21      8          
6XY5.pdb:CRYST1   82.302  112.109   62.571  90.00  90.00  90.00 C 2 2 21      8          
6Y18.pdb:CRYST1   82.255  111.967   62.613  90.00  90.00  90.00 C 2 2 21      8          
6Y1D.pdb:CRYST1   82.261  111.949   62.873  90.00  90.00  90.00 C 2 2 21      8          
6Y3W.pdb:CRYST1   82.532  112.487   62.731  90.00  90.00  90.00 C 2 2 21      8          
6Y58.pdb:CRYST1   82.297  111.690   62.593  90.00  90.00  90.00 C 2 2 21      8          
6YMO.pdb:CRYST1   72.285  104.351  112.429  90.00  90.00  90.00 P 21 21 21    8          
6YO8.pdb:CRYST1  158.651   99.880   84.812  90.00  93.73  90.00 C 1 2 1      16          
6YOS.pdb:CRYST1   60.206   60.206  284.213  90.00  90.00  90.00 P 43 21 2    16          
6ZOQ.pdb:CRYST1  106.350   51.630   85.450  90.00  93.25  90.00 C 1 2 1       8          
6ZOR.pdb:CRYST1  106.560   52.500   86.010  90.00  93.06  90.00 C 1 2 1       8          
6ZOS.pdb:CRYST1  106.190   51.980   85.300  90.00  92.92  90.00 C 1 2 1       8          
7B9M.pdb:CRYST1   81.908  112.705   62.640  90.00  90.00  90.00 C 2 2 21      8          
7B9R.pdb:CRYST1   82.071  112.434   62.496  90.00  90.00  90.00 C 2 2 21      8          
7B9T.pdb:CRYST1   81.972  112.514   62.701  90.00  90.00  90.00 C 2 2 21      8          
7BA3.pdb:CRYST1   81.704  112.201   62.263  90.00  90.00  90.00 C 2 2 21      8          
7BA5.pdb:CRYST1   81.382  111.716   62.135  90.00  90.00  90.00 C 2 2 21      8          
7BA6.pdb:CRYST1   81.570  112.104   62.257  90.00  90.00  90.00 C 2 2 21      8          
7BA7.pdb:CRYST1   81.319  111.740   62.135  90.00  90.00  90.00 C 2 2 21      8          
7BA8.pdb:CRYST1   81.702  112.163   62.269  90.00  90.00  90.00 C 2 2 21      8          
7BA9.pdb:CRYST1   81.736  112.087   62.299  90.00  90.00  90.00 C 2 2 21      8          
7BAA.pdb:CRYST1   82.002  112.757   62.486  90.00  90.00  90.00 C 2 2 21      8          
7BAB.pdb:CRYST1   81.720  112.164   62.513  90.00  90.00  90.00 C 2 2 21      8          
7E2E.pdb:CRYST1   71.326   71.326   97.653  90.00  90.00  90.00 P 43          8          
7JHD.pdb:CRYST1   55.030   82.436   58.677  90.00 110.75  90.00 P 1 21 1      4          
7KBS.pdb:CRYST1  101.802   57.879   87.950  90.00 102.93  90.00 C 1 2 1       8          
7MSA.pdb:CRYST1   53.081   58.937   93.551  86.43  75.08  63.25 P 1           4          
7N9O.pdb:CRYST1   58.158   58.158  274.394  90.00  90.00 120.00 P 32         12          
7NDO.pdb:CRYST1   48.581   51.787   57.513  97.84 113.52 110.42 P 1           2          
7NEL.pdb:CRYST1   55.800   82.770   58.690  90.00 108.82  90.00 P 1 21 1      4          
7NFB.pdb:CRYST1   55.854   81.526   58.464  90.00 108.46  90.00 P 1 21 1      4          
7NFW.pdb:CRYST1   82.007  112.003   62.511  90.00  90.00  90.00 C 2 2 21      8          
7NIZ.pdb:CRYST1   84.208  110.938   62.589  90.00  90.00  90.00 C 2 2 21      8          
7OPW.pdb:CRYST1   81.981  110.495   61.228  90.00  90.00  90.00 C 2 2 21      8          
7OQ7.pdb:CRYST1   82.609  110.745   61.049  90.00  90.00  90.00 C 2 2 21      8          
7OQ8.pdb:CRYST1   82.018  110.832   60.932  90.00  90.00  90.00 C 2 2 21      8          
7PRV.pdb:CRYST1   79.674  119.725  135.527  90.00  90.00  90.00 P 21 21 21    8          
7PRW.pdb:CRYST1   80.210  122.724  130.449  90.00  90.00  90.00 P 21 21 21    8          
7PRX.pdb:CRYST1   42.342   73.433   43.933  90.00 105.86  90.00 P 1 21 1      2          
7PWT.pdb:CRYST1   63.838  151.081   77.721  90.00  90.00  90.00 C 2 2 2       8          
7PWZ.pdb:CRYST1   64.173  151.615   78.945  90.00  90.00  90.00 C 2 2 2       8          
7QVJ.pdb:CRYST1  106.900   51.790   85.510  90.00  93.86  90.00 C 1 2 1       8          
7QVL.pdb:CRYST1  106.330   52.390   85.990  90.00  93.01  90.00 C 1 2 1       8          
7R62.pdb:CRYST1   58.709   58.709  274.292  90.00  90.00 120.00 P 65 2 2     12          
7RKE.pdb:CRYST1   56.027   83.943   58.662  90.00 108.66  90.00 P 1 21 1      4          
7RNM.pdb:CRYST1   56.094   83.456   58.420  90.00 108.52  90.00 P 1 21 1      4          
7RRX.pdb:CRYST1   53.776   58.750   94.438  86.91  74.81  62.77 P 1           4          
7RRY.pdb:CRYST1   53.416   59.119   93.522  86.54  74.98  63.19 P 1           4          
7RRZ.pdb:CRYST1   53.546   58.915   93.457  87.24  75.18  62.93 P 1           4          
7RS0.pdb:CRYST1   53.270   58.804   92.667  79.95  75.46  63.10 P 1           4          
7RS1.pdb:CRYST1   53.580   58.768   93.153  86.71  75.09  62.87 P 1           4          
7RS2.pdb:CRYST1   53.860   58.761   93.698  86.45  75.11  62.82 P 1           4          
7RS3.pdb:CRYST1   52.557   58.977   91.665  89.03  74.59  63.60 P 1           4          
7RS4.pdb:CRYST1   53.087   58.816   93.709  86.88  75.21  63.40 P 1           4          
7RS7.pdb:CRYST1   53.665   58.621   93.932  87.27  74.87  62.91 P 1           4          
7RS8.pdb:CRYST1   53.534   58.616   93.904  86.94  75.26  62.85 P 1           3          
7RS9.pdb:CRYST1   53.573   58.812   92.857  86.70  75.09  62.91 P 1           4          
7SFO.pdb:CRYST1   56.089   83.286   58.486  90.00 108.92  90.00 P 1 21 1      4          
7T2X.pdb:CRYST1   56.132   84.039   58.914  90.00 109.47  90.00 P 1 21 1      4          
7TE7.pdb:CRYST1   58.183   58.183  277.244  90.00  90.00 120.00 P 65 2 2     12          
7UJ7.pdb:CRYST1   58.110   58.980   87.880 101.83  90.01 119.51 P 1           4          
7UJ8.pdb:CRYST1  104.201   55.067   97.479  90.00 113.48  90.00 C 1 2 1       8          
7UJC.pdb:CRYST1  102.557   57.841   87.938  90.00 103.74  90.00 C 1 2 1       8          
7UJF.pdb:CRYST1   58.655   58.655  276.370  90.00  90.00 120.00 P 32         12          
7UJM.pdb:CRYST1   58.467   58.467  275.346  90.00  90.00 120.00 P 32         12          
7UJO.pdb:CRYST1   58.234   58.234  275.270  90.00  90.00 120.00 P 32         12          
7UJW.pdb:CRYST1   53.949   58.974   88.993  91.46 102.06 117.23 P 1           4          
7UJY.pdb:CRYST1   58.343   58.343  274.652  90.00  90.00 120.00 P 32         12          
7WNV.pdb:CRYST1   53.928   58.834   93.062  90.31 105.39 117.15 P 1           4          
7XVY.pdb:CRYST1   52.194   89.014  101.328  90.00  90.00  90.00 P 21 21 21    8          
7XVZ.pdb:CRYST1   51.728   88.580  101.252  90.00  90.00  90.00 P 21 21 21    8          
7XWP.pdb:CRYST1   52.121   89.017  101.235  90.00  90.00  90.00 P 21 21 21    8          
7XWQ.pdb:CRYST1   52.002   88.944  101.094  90.00  90.00  90.00 P 21 21 21    8          
7XWR.pdb:CRYST1   52.436   89.226  101.532  90.00  90.00  90.00 P 21 21 21    8          
7Y8F.pdb:CRYST1   52.741  101.584  195.304  90.00  90.00  90.00 C 2 2 21     16          
7Y8G.pdb:CRYST1   52.631  101.862  195.790  90.00  90.00  90.00 C 2 2 21     16          
7YMK.pdb:CRYST1   52.481  101.480  195.807  90.00  90.00  90.00 C 2 2 21     16          
7YXC.pdb:CRYST1   86.605   52.435   69.600  90.00 116.62  90.00 C 1 2 1       4          
7YXD.pdb:CRYST1  107.599  107.599  135.641  90.00  90.00 120.00 P 31         12          
7YXN.pdb:CRYST1  109.479  109.479  137.781  90.00  90.00 120.00 P 61         12          
7YXO.pdb:CRYST1  180.200  180.200  169.180  90.00  90.00  90.00 I 41 2 2     48          
7YXP.pdb:CRYST1  178.060  178.060  178.060  90.00  90.00  90.00 I 41 3 2     48          
7YXR.pdb:CRYST1  107.899  107.899  134.012  90.00  90.00 120.00 P 61         12          
7ZTV.pdb:CRYST1   56.175   65.798   72.307  90.00  90.00  90.00 P 21 21 21    4          
7ZTX.pdb:CRYST1   54.573   65.824   70.369  90.00  90.00  90.00 P 21 21 21    4          
7ZTZ.pdb:CRYST1   56.388   65.836   72.822  90.00  90.00  90.00 P 21 21 21    4          
7ZU1.pdb:CRYST1   55.619   66.169   70.951  90.00  90.00  90.00 P 21 21 21    4          
7ZU2.pdb:CRYST1   56.514   66.043   72.424  90.00  90.00  90.00 P 21 21 21    4          
8A9G.pdb:CRYST1   57.350   78.070  122.570  90.00  90.00  90.00 P 2 21 21     8          
8AFN.pdb:CRYST1   81.742  111.898   62.555  90.00  90.00  90.00 C 2 2 21      8          
8AI0.pdb:CRYST1   81.791  112.201   62.502  90.00  90.00  90.00 C 2 2 21      8          
8ALR.pdb:CRYST1   81.735  112.169   62.445  90.00  90.00  90.00 C 2 2 21      8          
8ALT.pdb:CRYST1   81.980  112.142   62.347  90.00  90.00  90.00 C 2 2 21      8          
8ALV.pdb:CRYST1   82.052  112.316   62.468  90.00  90.00  90.00 C 2 2 21      8          
8ALW.pdb:CRYST1   81.896  112.282   62.452  90.00  90.00  90.00 C 2 2 21      8          
8AM7.pdb:CRYST1   82.207  112.483   62.453  90.00  90.00  90.00 C 2 2 21      8          
8ANF.pdb:CRYST1   82.115  112.503   62.425  90.00  90.00  90.00 C 2 2 21      8          
8AOY.pdb:CRYST1   82.377  112.627   62.565  90.00  90.00  90.00 C 2 2 21      8          
8APS.pdb:CRYST1   82.565  112.833   62.582  90.00  90.00  90.00 C 2 2 21      8          
8AQ1.pdb:CRYST1   82.249  112.428   62.645  90.00  90.00  90.00 C 2 2 21      8          
8AQC.pdb:CRYST1   81.876  112.352   62.344  90.00  90.00  90.00 C 2 2 21      8          
8AQE.pdb:CRYST1   81.941  112.391   62.426  90.00  90.00  90.00 C 2 2 21      8          
8AQZ.pdb:CRYST1   82.066  112.491   62.588  90.00  90.00  90.00 C 2 2 21      8          
8AR4.pdb:CRYST1   82.032  111.718   62.281  90.00  90.00  90.00 C 2 2 21      8          
8AR5.pdb:CRYST1   82.140  112.354   62.410  90.00  90.00  90.00 C 2 2 21      8          
8ARG.pdb:CRYST1   82.012  112.385   62.550  90.00  90.00  90.00 C 2 2 21      8          
8ARO.pdb:CRYST1   81.971  112.223   62.403  90.00  90.00  90.00 C 2 2 21      8          
8ARQ.pdb:CRYST1   82.355  112.308   62.458  90.00  90.00  90.00 C 2 2 21      8          
8ARR.pdb:CRYST1   81.577  111.964   62.269  90.00  90.00  90.00 C 2 2 21      8          
8ARW.pdb:CRYST1   81.996  112.270   62.646  90.00  90.00  90.00 C 2 2 21      8          
8ARX.pdb:CRYST1   81.979  112.338   62.521  90.00  90.00  90.00 C 2 2 21      8          
8ARY.pdb:CRYST1   82.135  112.296   62.651  90.00  90.00  90.00 C 2 2 21      8          
8ARZ.pdb:CRYST1   82.049  112.494   62.499  90.00  90.00  90.00 C 2 2 21      8          
8AS1.pdb:CRYST1   81.828  112.376   62.558  90.00  90.00  90.00 C 2 2 21      8          
8AT9.pdb:CRYST1   81.886  112.364   62.404  90.00  90.00  90.00 C 2 2 21      8          
8ATP.pdb:CRYST1   82.113  112.517   62.496  90.00  90.00  90.00 C 2 2 21      8          
8AU2.pdb:CRYST1   82.037  112.418   62.433  90.00  90.00  90.00 C 2 2 21      8          
8AUS.pdb:CRYST1   81.879  112.428   62.485  90.00  90.00  90.00 C 2 2 21      8          
8AUY.pdb:CRYST1   81.971  112.406   62.344  90.00  90.00  90.00 C 2 2 21      8          
8AV3.pdb:CRYST1   82.256  112.327   62.801  90.00  90.00  90.00 C 2 2 21      8          
8AV4.pdb:CRYST1   81.849  111.826   62.288  90.00  90.00  90.00 C 2 2 21      8          
8AV7.pdb:CRYST1   81.977  111.839   62.521  90.00  90.00  90.00 C 2 2 21      8          
8AV8.pdb:CRYST1   81.222  111.865   59.818  90.00  90.00  90.00 C 2 2 21      8          
8AWG.pdb:CRYST1   82.381  112.628   62.730  90.00  90.00  90.00 C 2 2 21      8          
8AXE.pdb:CRYST1   81.554  112.167   62.411  90.00  90.00  90.00 C 2 2 21      8          
8AXU.pdb:CRYST1   82.318  112.315   62.654  90.00  90.00  90.00 C 2 2 21      8          
8AZE.pdb:CRYST1   81.846  111.849   62.305  90.00  90.00  90.00 C 2 2 21      8          
8B39.pdb:CRYST1   82.110  112.675   62.456  90.00  90.00  90.00 C 2 2 21      8          
8B4Q.pdb:CRYST1   82.620  112.243   62.499  90.00  90.00  90.00 C 2 2 21      8          
8BJG.pdb:CRYST1   82.438  112.205   62.531  90.00  90.00  90.00 C 2 2 21      8          
8BJN.pdb:CRYST1   82.509  112.272   62.568  90.00  90.00  90.00 C 2 2 21      8          
8BM5.pdb:CRYST1   82.636  111.994   62.619  90.00  90.00  90.00 C 2 2 21      8          
8BWJ.pdb:CRYST1   81.892  112.365   62.467  90.00  90.00  90.00 C 2 2 21      8          
8BWX.pdb:CRYST1   81.684  112.024   62.539  90.00  90.00  90.00 C 2 2 21      8          
8BWZ.pdb:CRYST1   82.099  112.390   62.596  90.00  90.00  90.00 C 2 2 21      8          
8BX0.pdb:CRYST1   81.945  112.280   62.486  90.00  90.00  90.00 C 2 2 21      8          
8BX3.pdb:CRYST1   81.920  112.508   62.491  90.00  90.00  90.00 C 2 2 21      8          
8BX4.pdb:CRYST1   81.967  112.681   62.627  90.00  90.00  90.00 C 2 2 21      8          
8BXI.pdb:CRYST1   82.083  112.527   62.544  90.00  90.00  90.00 C 2 2 21      8          
8BXM.pdb:CRYST1   81.942  112.040   62.481  90.00  90.00  90.00 C 2 2 21      8          
8BXN.pdb:CRYST1   81.908  111.877   62.467  90.00  90.00  90.00 C 2 2 21      8          
8BXO.pdb:CRYST1   82.099  111.984   62.635  90.00  90.00  90.00 C 2 2 21      8          
8BXQ.pdb:CRYST1   81.939  111.903   62.614  90.00  90.00  90.00 C 2 2 21      8          
8BXS.pdb:CRYST1   82.050  112.346   62.415  90.00  90.00  90.00 C 2 2 21      8          
8BY9.pdb:CRYST1   82.019  111.881   62.836  90.00  90.00  90.00 C 2 2 21      8          
8BYB.pdb:CRYST1   81.684  112.024   62.539  90.00  90.00  90.00 C 2 2 21      8          
8BYC.pdb:CRYST1   81.691  112.185   62.196  90.00  90.00  90.00 C 2 2 21      8          
8BYD.pdb:CRYST1   81.810  112.190   62.321  90.00  90.00  90.00 C 2 2 21      8          
8BYE.pdb:CRYST1   81.772  111.967   62.371  90.00  90.00  90.00 C 2 2 21      8          
8BYF.pdb:CRYST1   81.787  112.194   62.391  90.00  90.00  90.00 C 2 2 21      8          
8BYG.pdb:CRYST1   82.167  112.522   62.623  90.00  90.00  90.00 C 2 2 21      8          
8BYO.pdb:CRYST1   81.839  112.354   62.477  90.00  90.00  90.00 C 2 2 21      8          
8BYY.pdb:CRYST1   81.853  112.139   62.678  90.00  90.00  90.00 C 2 2 21      8          
8BYZ.pdb:CRYST1   81.632  111.805   62.489  90.00  90.00  90.00 C 2 2 21      8          
8BZ0.pdb:CRYST1   81.693  111.927   62.519  90.00  90.00  90.00 C 2 2 21      8          
8BZ9.pdb:CRYST1   81.764  111.602   62.364  90.00  90.00  90.00 C 2 2 21      8          
8BZA.pdb:CRYST1   81.842  111.897   62.456  90.00  90.00  90.00 C 2 2 21      8          
8BZB.pdb:CRYST1   81.905  112.491   62.402  90.00  90.00  90.00 C 2 2 21      8          
8BZC.pdb:CRYST1   81.723  112.327   62.374  90.00  90.00  90.00 C 2 2 21      8          
8BZD.pdb:CRYST1   82.100  111.813   62.529  90.00  90.00  90.00 C 2 2 21      8          
8BZE.pdb:CRYST1   81.971  111.992   62.431  90.00  90.00  90.00 C 2 2 21      8          
8BZF.pdb:CRYST1   81.850  112.086   62.430  90.00  90.00  90.00 C 2 2 21      8          
8BZG.pdb:CRYST1   82.097  111.677   62.546  90.00  90.00  90.00 C 2 2 21      8          
8BZH.pdb:CRYST1   82.102  111.554   62.578  90.00  90.00  90.00 C 2 2 21      8          
8BZT.pdb:CRYST1   81.561  111.572   62.495  90.00  90.00  90.00 C 2 2 21      8          
8BZW.pdb:CRYST1   81.806  112.014   62.335  90.00  90.00  90.00 C 2 2 21      8          
8C04.pdb:CRYST1   81.819  111.877   62.102  90.00  90.00  90.00 C 2 2 21      8          
8C0K.pdb:CRYST1   81.839  112.255   62.900  90.00  90.00  90.00 C 2 2 21      8          
8C0L.pdb:CRYST1   81.880  112.141   62.707  90.00  90.00  90.00 C 2 2 21      8          
8C42.pdb:CRYST1   81.726  111.773   62.592  90.00  90.00  90.00 C 2 2 21      8          
8C4F.pdb:CRYST1   81.703  111.843   62.472  90.00  90.00  90.00 C 2 2 21      8          
8C4G.pdb:CRYST1   82.021  112.034   62.489  90.00  90.00  90.00 C 2 2 21      8          
8DU6.pdb:CRYST1  102.280   58.370   87.657  90.00 103.12  90.00 C 1 2 1       8          
8DU8.pdb:CRYST1  102.664   57.675   87.434  90.00 103.20  90.00 C 1 2 1       8          
8DU9.pdb:CRYST1  102.248   58.079   87.570  90.00 103.00  90.00 C 1 2 1       8          
8DUB.pdb:CRYST1  102.523   57.893   87.725  90.00 103.09  90.00 C 1 2 1       8          
8DUC.pdb:CRYST1   58.600   58.600  276.747  90.00  90.00 120.00 P 65 2 2     12          
8DUD.pdb:CRYST1   58.775   58.775  276.784  90.00  90.00 120.00 P 65 2 2     12          
8DUG.pdb:CRYST1  103.133   57.224   87.687  90.00 103.89  90.00 C 1 2 1       8          
8DUH.pdb:CRYST1  102.720   57.283   87.524  90.00 103.49  90.00 C 1 2 1       8          
8DUI.pdb:CRYST1  102.972   57.490   87.569  90.00 103.77  90.00 C 1 2 1       8          
8DUK.pdb:CRYST1  102.031   57.665  174.519  90.00 102.51  90.00 C 1 2 1      16          
8DUS.pdb:CRYST1  102.036   57.672  259.871  90.00 100.08  90.00 C 1 2 1      24          
8DV5.pdb:CRYST1  101.927   57.340   87.144  90.00 103.09  90.00 C 1 2 1       8          
8DV7.pdb:CRYST1  102.289   57.782   87.414  90.00 103.01  90.00 C 1 2 1       8          
8DV8.pdb:CRYST1  103.111   58.130   87.645  90.00 102.79  90.00 C 1 2 1       8          
8DVB.pdb:CRYST1  103.096   56.335   87.348  90.00 103.25  90.00 C 1 2 1       8          
8E1A.pdb:CRYST1   54.953   65.762   69.128  90.00  90.00  90.00 P 21 21 21    4          
8EV1.pdb:CRYST1   54.055   82.633   58.553  90.00 110.93  90.00 P 1 21 1      4          
8EV2.pdb:CRYST1   53.964   81.769   58.555  90.00 111.04  90.00 P 1 21 1      4          
8FGY.pdb:CRYST1   56.413   66.096   73.382  90.00  90.00  90.00 P 21 21 21    4          
8FGZ.pdb:CRYST1   56.744   66.080   73.066  90.00  90.00  90.00 P 21 21 21    4          
8FH0.pdb:CRYST1   56.522   65.979   73.136  90.00  90.00  90.00 P 21 21 21    4          
8FH1.pdb:CRYST1   56.351   66.064   73.165  90.00  90.00  90.00 P 21 21 21    4          
8FH2.pdb:CRYST1   56.883   65.860   72.646  90.00  90.00  90.00 P 21 21 21    4          
8IFO.pdb:CRYST1   77.403   74.434  111.020  90.00 104.98  90.00 C 1 2 1      12          
8RM6.pdb:CRYST1   37.029   95.359  115.353  90.00  90.00  90.00 P 2 21 2      8          
8RM7.pdb:CRYST1  137.910   29.780  112.609  90.00 124.91  90.00 C 1 2 1       8          
8W03.pdb:CRYST1   53.489   58.771   93.208  86.61  75.17  62.96 P 1           4          
9BQE.pdb:CRYST1  103.177   56.944   87.716  90.00 104.53  90.00 C 1 2 1       8          
9KND.pdb:CRYST1   64.371   64.371  138.422  90.00  90.00  90.00 P 41 21 2     8          
9KNE.pdb:CRYST1   64.095   64.095  137.526  90.00  90.00  90.00 P 41 21 2     8          
